0 0.065777 0.840681 0.067242 0.159639
0 0.143879 0.531583 0.037242 0.152389
0 0.193477 0.521903 0.032891 0.137639
0 0.216805 0.541083 0.035297 0.147000
0 0.227859 0.502403 0.030625 0.111833
0 0.251617 0.530243 0.028766 0.121931
0 0.369547 0.596917 0.036187 0.163667
0 0.408133 0.430764 0.029563 0.140417
0 0.614359 0.476056 0.033719 0.121778
0 0.607512 0.873618 0.047195 0.193958
0 0.729199 0.738799 0.050555 0.158681
0 0.797754 0.564854 0.042164 0.151264
0 0.788074 0.422458 0.037477 0.154806
0 0.904668 0.234201 0.036461 0.137514
0 0.954680 0.224229 0.028578 0.121764
0 0.919695 0.140153 0.029828 0.092194
0 0.954359 0.021028 0.015781 0.042056
0 0.888813 0.082799 0.028844 0.119014
0 0.855891 0.067306 0.022000 0.102472
0 0.838094 0.070979 0.017594 0.099819
0 0.730590 0.104938 0.018711 0.122236
0 0.735355 0.038194 0.025961 0.076389
0 0.687191 0.047333 0.020711 0.094167
0 0.667633 0.076056 0.017266 0.066278
0 0.578789 0.110847 0.024422 0.099139
0 0.638387 0.146958 0.024539 0.123028
0 0.622180 0.169278 0.026797 0.122111
0 0.528344 0.181181 0.030125 0.129583
0 0.496941 0.253757 0.029273 0.131458
0 0.484266 0.117514 0.018094 0.113889
0 0.484043 0.039264 0.019273 0.078528
0 0.452281 0.115278 0.021625 0.121278
0 0.424160 0.118438 0.018648 0.122236
0 0.389469 0.033104 0.025719 0.066208
0 0.437676 0.021181 0.037461 0.042361
0 0.381270 0.244146 0.028930 0.132986
0 0.311871 0.340944 0.031883 0.131722
0 0.312309 0.251979 0.025523 0.087764
0 0.211746 0.050611 0.021352 0.101222
0 0.146137 0.061993 0.027930 0.107347
0 0.059758 0.171264 0.025422 0.109583
0 0.973031 0.658549 0.044187 0.174153
0 0.993102 0.146931 0.013797 0.090972
0 0.065777 0.840681 0.067242 0.159639
0 0.143879 0.531583 0.037242 0.152389
0 0.193477 0.521903 0.032891 0.137639
0 0.216805 0.541083 0.035297 0.147000
0 0.227859 0.502403 0.030625 0.111833
0 0.251617 0.530243 0.028766 0.121931
0 0.369547 0.596917 0.036187 0.163667
0 0.408133 0.430764 0.029563 0.140417
0 0.614359 0.476056 0.033719 0.121778
0 0.607512 0.873618 0.047195 0.193958
0 0.729199 0.738799 0.050555 0.158681
0 0.797754 0.564854 0.042164 0.151264
0 0.788074 0.422458 0.037477 0.154806
0 0.904668 0.234201 0.036461 0.137514
0 0.954680 0.224229 0.028578 0.121764
0 0.919695 0.140153 0.029828 0.092194
0 0.954359 0.021028 0.015781 0.042056
0 0.888813 0.082799 0.028844 0.119014
0 0.855891 0.067306 0.022000 0.102472
0 0.838094 0.070979 0.017594 0.099819
0 0.730590 0.104938 0.018711 0.122236
0 0.735355 0.038194 0.025961 0.076389
0 0.687191 0.047333 0.020711 0.094167
0 0.667633 0.076056 0.017266 0.066278
0 0.578789 0.110847 0.024422 0.099139
0 0.638387 0.146958 0.024539 0.123028
0 0.622180 0.169278 0.026797 0.122111
0 0.528344 0.181181 0.030125 0.129583
0 0.496941 0.253757 0.029273 0.131458
0 0.484266 0.117514 0.018094 0.113889
0 0.484043 0.039264 0.019273 0.078528
0 0.452281 0.115278 0.021625 0.121278
0 0.424160 0.118438 0.018648 0.122236
0 0.389469 0.033104 0.025719 0.066208
0 0.437676 0.021181 0.037461 0.042361
0 0.381270 0.244146 0.028930 0.132986
0 0.311871 0.340944 0.031883 0.131722
0 0.312309 0.251979 0.025523 0.087764
0 0.211746 0.050611 0.021352 0.101222
0 0.146137 0.061993 0.027930 0.107347
0 0.059758 0.171264 0.025422 0.109583
0 0.973031 0.658549 0.044187 0.174153
0 0.993102 0.146931 0.013797 0.090972
