0 0.068316 0.844812 0.058664 0.162264
0 0.140906 0.556799 0.036469 0.163847
0 0.192547 0.519951 0.032781 0.138375
0 0.215824 0.539653 0.036164 0.146250
0 0.225832 0.500979 0.031055 0.112486
0 0.251406 0.529181 0.028750 0.121083
0 0.369141 0.585632 0.036594 0.176319
0 0.408430 0.421306 0.029578 0.148500
0 0.613426 0.468604 0.034867 0.130347
0 0.603406 0.832729 0.047469 0.171014
0 0.711945 0.736785 0.059984 0.158125
0 0.801723 0.590688 0.042523 0.168069
0 0.792570 0.440771 0.038078 0.154569
0 0.905750 0.238174 0.038875 0.131375
0 0.956223 0.226424 0.029008 0.119153
0 0.920465 0.148257 0.029711 0.089542
0 0.953738 0.020306 0.015148 0.040611
0 0.888645 0.088014 0.028352 0.120361
0 0.857332 0.070479 0.019977 0.104042
0 0.838266 0.070458 0.018156 0.096806
0 0.730199 0.103653 0.018570 0.121056
0 0.732223 0.032278 0.026273 0.064167
0 0.686441 0.046736 0.019570 0.093472
0 0.666219 0.074625 0.016625 0.066333
0 0.579895 0.115160 0.022977 0.097264
0 0.636832 0.141681 0.023773 0.124694
0 0.621063 0.157389 0.025687 0.119472
0 0.528703 0.188986 0.031031 0.131611
0 0.497871 0.256528 0.030086 0.125556
0 0.486379 0.107021 0.018477 0.107347
0 0.484844 0.034743 0.019891 0.069486
0 0.451789 0.113257 0.021797 0.121819
0 0.423227 0.114056 0.019016 0.122722
0 0.388918 0.031875 0.023367 0.063750
0 0.444863 0.020139 0.026180 0.040278
0 0.378836 0.231701 0.030391 0.130375
0 0.312715 0.350076 0.034336 0.134847
0 0.311949 0.258764 0.025914 0.087750
0 0.215734 0.047917 0.022750 0.095833
0 0.156477 0.058042 0.035125 0.107417
0 0.059184 0.170278 0.026008 0.110000
0 0.962465 0.634785 0.050914 0.166264
0 0.992664 0.151000 0.014672 0.095556
0 0.068316 0.844812 0.058664 0.162264
0 0.140906 0.556799 0.036469 0.163847
0 0.192547 0.519951 0.032781 0.138375
0 0.215824 0.539653 0.036164 0.146250
0 0.225832 0.500979 0.031055 0.112486
0 0.251406 0.529181 0.028750 0.121083
0 0.369141 0.585632 0.036594 0.176319
0 0.408430 0.421306 0.029578 0.148500
0 0.613426 0.468604 0.034867 0.130347
0 0.603406 0.832729 0.047469 0.171014
0 0.711945 0.736785 0.059984 0.158125
0 0.801723 0.590688 0.042523 0.168069
0 0.792570 0.440771 0.038078 0.154569
0 0.905750 0.238174 0.038875 0.131375
0 0.956223 0.226424 0.029008 0.119153
0 0.920465 0.148257 0.029711 0.089542
0 0.953738 0.020306 0.015148 0.040611
0 0.888645 0.088014 0.028352 0.120361
0 0.857332 0.070479 0.019977 0.104042
0 0.838266 0.070458 0.018156 0.096806
0 0.730199 0.103653 0.018570 0.121056
0 0.732223 0.032278 0.026273 0.064167
0 0.686441 0.046736 0.019570 0.093472
0 0.666219 0.074625 0.016625 0.066333
0 0.579895 0.115160 0.022977 0.097264
0 0.636832 0.141681 0.023773 0.124694
0 0.621063 0.157389 0.025687 0.119472
0 0.528703 0.188986 0.031031 0.131611
0 0.497871 0.256528 0.030086 0.125556
0 0.486379 0.107021 0.018477 0.107347
0 0.484844 0.034743 0.019891 0.069486
0 0.451789 0.113257 0.021797 0.121819
0 0.423227 0.114056 0.019016 0.122722
0 0.388918 0.031875 0.023367 0.063750
0 0.444863 0.020139 0.026180 0.040278
0 0.378836 0.231701 0.030391 0.130375
0 0.312715 0.350076 0.034336 0.134847
0 0.311949 0.258764 0.025914 0.087750
0 0.215734 0.047917 0.022750 0.095833
0 0.156477 0.058042 0.035125 0.107417
0 0.059184 0.170278 0.026008 0.110000
0 0.962465 0.634785 0.050914 0.166264
0 0.992664 0.151000 0.014672 0.095556
