0 0.050336 0.831910 0.055016 0.165847
0 0.149285 0.504931 0.039805 0.154500
0 0.194773 0.525500 0.030187 0.137056
0 0.218309 0.546111 0.037398 0.148333
0 0.230961 0.506597 0.027313 0.110694
0 0.253957 0.533937 0.029070 0.122819
0 0.370289 0.649903 0.039016 0.175528
0 0.410652 0.465424 0.030414 0.148597
0 0.613012 0.509667 0.036414 0.131667
0 0.619648 0.913958 0.050859 0.172083
0 0.751883 0.739465 0.057391 0.165069
0 0.788793 0.536500 0.040945 0.153111
0 0.778914 0.393569 0.034969 0.153889
0 0.899180 0.217826 0.035297 0.130097
0 0.951770 0.205132 0.031258 0.117792
0 0.916840 0.145076 0.029117 0.125403
0 0.957031 0.023028 0.016250 0.046056
0 0.889066 0.074097 0.027352 0.117722
0 0.852336 0.067076 0.023672 0.101514
0 0.837187 0.067674 0.019125 0.099597
0 0.732313 0.107069 0.018031 0.125806
0 0.740941 0.041326 0.023023 0.082653
0 0.689984 0.051264 0.019781 0.094500
0 0.671953 0.078069 0.014813 0.070361
0 0.580836 0.100188 0.020734 0.097931
0 0.638992 0.169646 0.026172 0.127764
0 0.622770 0.183819 0.024852 0.119306
0 0.528387 0.169465 0.030008 0.129736
0 0.497133 0.236375 0.029781 0.124528
0 0.480145 0.129812 0.018945 0.113986
0 0.483055 0.039236 0.017625 0.078472
0 0.453539 0.121451 0.021359 0.123625
0 0.429039 0.125590 0.023391 0.117097
0 0.388156 0.043062 0.026188 0.086125
0 0.413359 0.022403 0.028125 0.044806
0 0.385422 0.270958 0.029094 0.137083
0 0.313238 0.326854 0.031023 0.129236
0 0.311414 0.239972 0.024422 0.083333
0 0.208215 0.067986 0.027836 0.107139
0 0.193852 0.016806 0.021172 0.033611
0 0.132621 0.080715 0.028242 0.108069
0 0.061996 0.174882 0.025742 0.109347
0 0.094719 0.016806 0.010094 0.033611
0 0.982566 0.692181 0.034867 0.168833
0 0.994492 0.138889 0.011016 0.083611
0 0.050336 0.831910 0.055016 0.165847
0 0.149285 0.504931 0.039805 0.154500
0 0.194773 0.525500 0.030187 0.137056
0 0.218309 0.546111 0.037398 0.148333
0 0.230961 0.506597 0.027313 0.110694
0 0.253957 0.533937 0.029070 0.122819
0 0.370289 0.649903 0.039016 0.175528
0 0.410652 0.465424 0.030414 0.148597
0 0.613012 0.509667 0.036414 0.131667
0 0.619648 0.913958 0.050859 0.172083
0 0.751883 0.739465 0.057391 0.165069
0 0.788793 0.536500 0.040945 0.153111
0 0.778914 0.393569 0.034969 0.153889
0 0.899180 0.217826 0.035297 0.130097
0 0.951770 0.205132 0.031258 0.117792
0 0.916840 0.145076 0.029117 0.125403
0 0.957031 0.023028 0.016250 0.046056
0 0.889066 0.074097 0.027352 0.117722
0 0.852336 0.067076 0.023672 0.101514
0 0.837187 0.067674 0.019125 0.099597
0 0.732313 0.107069 0.018031 0.125806
0 0.740941 0.041326 0.023023 0.082653
0 0.689984 0.051264 0.019781 0.094500
0 0.671953 0.078069 0.014813 0.070361
0 0.580836 0.100188 0.020734 0.097931
0 0.638992 0.169646 0.026172 0.127764
0 0.622770 0.183819 0.024852 0.119306
0 0.528387 0.169465 0.030008 0.129736
0 0.497133 0.236375 0.029781 0.124528
0 0.480145 0.129812 0.018945 0.113986
0 0.483055 0.039236 0.017625 0.078472
0 0.453539 0.121451 0.021359 0.123625
0 0.429039 0.125590 0.023391 0.117097
0 0.388156 0.043062 0.026188 0.086125
0 0.413359 0.022403 0.028125 0.044806
0 0.385422 0.270958 0.029094 0.137083
0 0.313238 0.326854 0.031023 0.129236
0 0.311414 0.239972 0.024422 0.083333
0 0.208215 0.067986 0.027836 0.107139
0 0.193852 0.016806 0.021172 0.033611
0 0.132621 0.080715 0.028242 0.108069
0 0.061996 0.174882 0.025742 0.109347
0 0.094719 0.016806 0.010094 0.033611
0 0.982566 0.692181 0.034867 0.168833
0 0.994492 0.138889 0.011016 0.083611
