0 0.070754 0.850375 0.052695 0.161056
0 0.138305 0.569833 0.039172 0.159222
0 0.192012 0.518243 0.032336 0.138819
0 0.214492 0.538382 0.037516 0.146458
0 0.225043 0.500431 0.031320 0.112472
0 0.251406 0.529181 0.028750 0.121083
0 0.370852 0.553132 0.035016 0.163403
0 0.409004 0.400306 0.029180 0.143944
0 0.613316 0.449549 0.035648 0.126236
0 0.599832 0.817937 0.047992 0.191014
0 0.700027 0.738604 0.043430 0.164681
0 0.806945 0.607104 0.043344 0.160153
0 0.798316 0.457201 0.037945 0.152458
0 0.910043 0.254944 0.037086 0.137333
0 0.958637 0.240944 0.031898 0.122750
0 0.921156 0.158514 0.030906 0.098139
0 0.953559 0.019861 0.014383 0.039722
0 0.889969 0.095819 0.028562 0.120306
0 0.858273 0.072354 0.020047 0.102986
0 0.839602 0.074521 0.019391 0.097458
0 0.729996 0.102569 0.018570 0.121056
0 0.729973 0.035549 0.026195 0.070958
0 0.684805 0.046431 0.018813 0.092528
0 0.664781 0.073896 0.016047 0.067653
0 0.582156 0.125514 0.021563 0.100000
0 0.634867 0.127854 0.023766 0.118458
0 0.620387 0.149312 0.024336 0.118375
0 0.529250 0.194833 0.031875 0.129778
0 0.496664 0.271812 0.030453 0.132486
0 0.490688 0.100764 0.020531 0.112389
0 0.485961 0.034736 0.019891 0.069472
0 0.451195 0.112785 0.021484 0.121819
0 0.422977 0.110708 0.020641 0.122417
0 0.389617 0.026535 0.025016 0.053069
0 0.462230 0.019403 0.026320 0.038806
0 0.379352 0.218299 0.027875 0.130292
0 0.315359 0.363146 0.035125 0.131403
0 0.311922 0.267910 0.025812 0.090792
0 0.220078 0.040556 0.023937 0.081111
0 0.161645 0.048931 0.026555 0.096806
0 0.058625 0.169222 0.025375 0.107889
0 0.951313 0.621424 0.050750 0.172875
0 0.992570 0.159507 0.014859 0.097375
0 0.070754 0.850375 0.052695 0.161056
0 0.138305 0.569833 0.039172 0.159222
0 0.192012 0.518243 0.032336 0.138819
0 0.214492 0.538382 0.037516 0.146458
0 0.225043 0.500431 0.031320 0.112472
0 0.251406 0.529181 0.028750 0.121083
0 0.370852 0.553132 0.035016 0.163403
0 0.409004 0.400306 0.029180 0.143944
0 0.613316 0.449549 0.035648 0.126236
0 0.599832 0.817937 0.047992 0.191014
0 0.700027 0.738604 0.043430 0.164681
0 0.806945 0.607104 0.043344 0.160153
0 0.798316 0.457201 0.037945 0.152458
0 0.910043 0.254944 0.037086 0.137333
0 0.958637 0.240944 0.031898 0.122750
0 0.921156 0.158514 0.030906 0.098139
0 0.953559 0.019861 0.014383 0.039722
0 0.889969 0.095819 0.028562 0.120306
0 0.858273 0.072354 0.020047 0.102986
0 0.839602 0.074521 0.019391 0.097458
0 0.729996 0.102569 0.018570 0.121056
0 0.729973 0.035549 0.026195 0.070958
0 0.684805 0.046431 0.018813 0.092528
0 0.664781 0.073896 0.016047 0.067653
0 0.582156 0.125514 0.021563 0.100000
0 0.634867 0.127854 0.023766 0.118458
0 0.620387 0.149312 0.024336 0.118375
0 0.529250 0.194833 0.031875 0.129778
0 0.496664 0.271812 0.030453 0.132486
0 0.490688 0.100764 0.020531 0.112389
0 0.485961 0.034736 0.019891 0.069472
0 0.451195 0.112785 0.021484 0.121819
0 0.422977 0.110708 0.020641 0.122417
0 0.389617 0.026535 0.025016 0.053069
0 0.462230 0.019403 0.026320 0.038806
0 0.379352 0.218299 0.027875 0.130292
0 0.315359 0.363146 0.035125 0.131403
0 0.311922 0.267910 0.025812 0.090792
0 0.220078 0.040556 0.023937 0.081111
0 0.161645 0.048931 0.026555 0.096806
0 0.058625 0.169222 0.025375 0.107889
0 0.951313 0.621424 0.050750 0.172875
0 0.992570 0.159507 0.014859 0.097375
