0 0.068641 0.845132 0.057750 0.162264
0 0.140504 0.560743 0.036805 0.166125
0 0.192332 0.519646 0.032555 0.138597
0 0.215645 0.539528 0.036367 0.146250
0 0.225438 0.500708 0.031187 0.112472
0 0.251406 0.529181 0.028750 0.121083
0 0.369027 0.582229 0.037039 0.176569
0 0.408563 0.419674 0.029375 0.149542
0 0.613309 0.467278 0.035258 0.131444
0 0.602785 0.831097 0.047586 0.175500
0 0.710672 0.736243 0.058094 0.158125
0 0.802359 0.594493 0.042250 0.168236
0 0.793598 0.441542 0.037883 0.152472
0 0.905941 0.238764 0.039633 0.130361
0 0.956766 0.226597 0.029312 0.118500
0 0.920551 0.149840 0.029789 0.089042
0 0.953652 0.020083 0.014945 0.040167
0 0.888672 0.089542 0.028187 0.120639
0 0.857430 0.070882 0.020016 0.103514
0 0.838387 0.070319 0.018367 0.096139
0 0.730168 0.103472 0.018570 0.121056
0 0.731656 0.032090 0.026109 0.063653
0 0.686254 0.046736 0.019195 0.093472
0 0.665949 0.074500 0.016336 0.066333
0 0.580254 0.117104 0.022727 0.099042
0 0.636344 0.140250 0.023766 0.124694
0 0.620887 0.154688 0.025586 0.118597
0 0.528820 0.189299 0.031328 0.130264
0 0.497914 0.256625 0.030266 0.123139
0 0.486898 0.105437 0.018609 0.107375
0 0.484859 0.034215 0.019891 0.068431
0 0.451695 0.113021 0.021797 0.121819
0 0.423117 0.113250 0.019234 0.122389
0 0.388965 0.031076 0.022961 0.062153
0 0.446992 0.019840 0.022219 0.039681
0 0.378836 0.228194 0.030000 0.128556
0 0.313074 0.351882 0.034898 0.134431
0 0.311848 0.260174 0.025977 0.088264
0 0.216031 0.047222 0.021844 0.094444
0 0.157500 0.057292 0.033953 0.107583
0 0.059125 0.170278 0.026125 0.110000
0 0.959844 0.634028 0.053219 0.169028
0 0.992602 0.152507 0.014797 0.097375
0 0.068641 0.845132 0.057750 0.162264
0 0.140504 0.560743 0.036805 0.166125
0 0.192332 0.519646 0.032555 0.138597
0 0.215645 0.539528 0.036367 0.146250
0 0.225438 0.500708 0.031187 0.112472
0 0.251406 0.529181 0.028750 0.121083
0 0.369027 0.582229 0.037039 0.176569
0 0.408563 0.419674 0.029375 0.149542
0 0.613309 0.467278 0.035258 0.131444
0 0.602785 0.831097 0.047586 0.175500
0 0.710672 0.736243 0.058094 0.158125
0 0.802359 0.594493 0.042250 0.168236
0 0.793598 0.441542 0.037883 0.152472
0 0.905941 0.238764 0.039633 0.130361
0 0.956766 0.226597 0.029312 0.118500
0 0.920551 0.149840 0.029789 0.089042
0 0.953652 0.020083 0.014945 0.040167
0 0.888672 0.089542 0.028187 0.120639
0 0.857430 0.070882 0.020016 0.103514
0 0.838387 0.070319 0.018367 0.096139
0 0.730168 0.103472 0.018570 0.121056
0 0.731656 0.032090 0.026109 0.063653
0 0.686254 0.046736 0.019195 0.093472
0 0.665949 0.074500 0.016336 0.066333
0 0.580254 0.117104 0.022727 0.099042
0 0.636344 0.140250 0.023766 0.124694
0 0.620887 0.154688 0.025586 0.118597
0 0.528820 0.189299 0.031328 0.130264
0 0.497914 0.256625 0.030266 0.123139
0 0.486898 0.105437 0.018609 0.107375
0 0.484859 0.034215 0.019891 0.068431
0 0.451695 0.113021 0.021797 0.121819
0 0.423117 0.113250 0.019234 0.122389
0 0.388965 0.031076 0.022961 0.062153
0 0.446992 0.019840 0.022219 0.039681
0 0.378836 0.228194 0.030000 0.128556
0 0.313074 0.351882 0.034898 0.134431
0 0.311848 0.260174 0.025977 0.088264
0 0.216031 0.047222 0.021844 0.094444
0 0.157500 0.057292 0.033953 0.107583
0 0.059125 0.170278 0.026125 0.110000
0 0.959844 0.634028 0.053219 0.169028
0 0.992602 0.152507 0.014797 0.097375
