0 0.067027 0.844181 0.061773 0.162278
0 0.141707 0.547611 0.035805 0.161889
0 0.192977 0.520556 0.033234 0.137944
0 0.216188 0.539931 0.035750 0.146250
0 0.226625 0.501535 0.030781 0.112486
0 0.251406 0.529181 0.028750 0.121083
0 0.369367 0.590799 0.035703 0.172569
0 0.408168 0.424569 0.029977 0.146417
0 0.613656 0.471257 0.034094 0.128153
0 0.604645 0.847639 0.047242 0.179167
0 0.715871 0.737882 0.061008 0.158125
0 0.800449 0.579590 0.043070 0.162208
0 0.790516 0.434292 0.038484 0.154889
0 0.905371 0.236993 0.037367 0.133403
0 0.955137 0.226069 0.028398 0.120444
0 0.920289 0.145097 0.029547 0.090528
0 0.953902 0.020750 0.015570 0.041500
0 0.888590 0.082861 0.028680 0.115667
0 0.857145 0.069674 0.019914 0.105097
0 0.838027 0.070729 0.017742 0.098153
0 0.730270 0.104007 0.018570 0.121069
0 0.733359 0.032660 0.026594 0.065181
0 0.686820 0.046736 0.020328 0.093472
0 0.666758 0.074889 0.017203 0.066333
0 0.579176 0.112694 0.023477 0.096556
0 0.637809 0.144549 0.023773 0.124708
0 0.621414 0.162806 0.025891 0.121222
0 0.528465 0.186299 0.030430 0.130181
0 0.497777 0.256049 0.029711 0.127986
0 0.485344 0.112417 0.018219 0.111694
0 0.484805 0.036354 0.019891 0.072708
0 0.451977 0.113715 0.021797 0.121819
0 0.423445 0.115660 0.018578 0.123403
0 0.388824 0.033472 0.024180 0.066944
0 0.439293 0.020743 0.036711 0.041486
0 0.379316 0.238715 0.030195 0.134014
0 0.311992 0.342507 0.033203 0.127764
0 0.312148 0.255951 0.025797 0.086708
0 0.213965 0.049097 0.022227 0.098194
0 0.153395 0.059542 0.035398 0.107083
0 0.059309 0.170278 0.025758 0.110000
0 0.969086 0.640472 0.044266 0.159889
0 0.992789 0.147993 0.014422 0.091903
0 0.067027 0.844181 0.061773 0.162278
0 0.141707 0.547611 0.035805 0.161889
0 0.192977 0.520556 0.033234 0.137944
0 0.216188 0.539931 0.035750 0.146250
0 0.226625 0.501535 0.030781 0.112486
0 0.251406 0.529181 0.028750 0.121083
0 0.369367 0.590799 0.035703 0.172569
0 0.408168 0.424569 0.029977 0.146417
0 0.613656 0.471257 0.034094 0.128153
0 0.604645 0.847639 0.047242 0.179167
0 0.715871 0.737882 0.061008 0.158125
0 0.800449 0.579590 0.043070 0.162208
0 0.790516 0.434292 0.038484 0.154889
0 0.905371 0.236993 0.037367 0.133403
0 0.955137 0.226069 0.028398 0.120444
0 0.920289 0.145097 0.029547 0.090528
0 0.953902 0.020750 0.015570 0.041500
0 0.888590 0.082861 0.028680 0.115667
0 0.857145 0.069674 0.019914 0.105097
0 0.838027 0.070729 0.017742 0.098153
0 0.730270 0.104007 0.018570 0.121069
0 0.733359 0.032660 0.026594 0.065181
0 0.686820 0.046736 0.020328 0.093472
0 0.666758 0.074889 0.017203 0.066333
0 0.579176 0.112694 0.023477 0.096556
0 0.637809 0.144549 0.023773 0.124708
0 0.621414 0.162806 0.025891 0.121222
0 0.528465 0.186299 0.030430 0.130181
0 0.497777 0.256049 0.029711 0.127986
0 0.485344 0.112417 0.018219 0.111694
0 0.484805 0.036354 0.019891 0.072708
0 0.451977 0.113715 0.021797 0.121819
0 0.423445 0.115660 0.018578 0.123403
0 0.388824 0.033472 0.024180 0.066944
0 0.439293 0.020743 0.036711 0.041486
0 0.379316 0.238715 0.030195 0.134014
0 0.311992 0.342507 0.033203 0.127764
0 0.312148 0.255951 0.025797 0.086708
0 0.213965 0.049097 0.022227 0.098194
0 0.153395 0.059542 0.035398 0.107083
0 0.059309 0.170278 0.025758 0.110000
0 0.969086 0.640472 0.044266 0.159889
0 0.992789 0.147993 0.014422 0.091903
