0 0.071199 0.853674 0.051664 0.164875
0 0.138148 0.571125 0.040266 0.156917
0 0.191984 0.517965 0.032328 0.138819
0 0.214250 0.538139 0.037750 0.146500
0 0.225043 0.500431 0.031320 0.112472
0 0.251406 0.529181 0.028750 0.121083
0 0.371102 0.547333 0.034391 0.160056
0 0.409082 0.395410 0.029180 0.141375
0 0.613348 0.446035 0.035648 0.123486
0 0.599250 0.815056 0.048062 0.193778
0 0.698469 0.739333 0.041812 0.166333
0 0.807937 0.608014 0.043687 0.157583
0 0.799242 0.462910 0.038016 0.156958
0 0.911023 0.257611 0.036266 0.136861
0 0.958969 0.243681 0.032469 0.122361
0 0.921285 0.160285 0.031164 0.100542
0 0.953555 0.019861 0.014297 0.039722
0 0.890289 0.097007 0.028703 0.120153
0 0.858461 0.072618 0.020047 0.102986
0 0.839875 0.075604 0.019594 0.097958
0 0.729965 0.102396 0.018570 0.121069
0 0.729695 0.036458 0.026266 0.072917
0 0.684488 0.046347 0.018805 0.092306
0 0.664555 0.073785 0.016047 0.067986
0 0.582539 0.125938 0.021328 0.099792
0 0.634621 0.125833 0.023773 0.118333
0 0.620301 0.148653 0.024039 0.118528
0 0.529328 0.198000 0.031937 0.133722
0 0.496344 0.274076 0.030453 0.132403
0 0.491129 0.099993 0.020227 0.113625
0 0.486227 0.035000 0.019891 0.070000
0 0.451094 0.112785 0.021406 0.121819
0 0.422969 0.110271 0.020937 0.122514
0 0.389770 0.025597 0.025633 0.051194
0 0.462566 0.018819 0.027008 0.037639
0 0.379480 0.217750 0.027445 0.131167
0 0.315844 0.364514 0.035031 0.128750
0 0.311965 0.269500 0.025758 0.091278
0 0.221016 0.040417 0.024687 0.080833
0 0.162422 0.047604 0.025000 0.095208
0 0.058516 0.168958 0.025156 0.107361
0 0.950273 0.617785 0.048672 0.171792
0 0.992578 0.160313 0.014844 0.095764
0 0.071199 0.853674 0.051664 0.164875
0 0.138148 0.571125 0.040266 0.156917
0 0.191984 0.517965 0.032328 0.138819
0 0.214250 0.538139 0.037750 0.146500
0 0.225043 0.500431 0.031320 0.112472
0 0.251406 0.529181 0.028750 0.121083
0 0.371102 0.547333 0.034391 0.160056
0 0.409082 0.395410 0.029180 0.141375
0 0.613348 0.446035 0.035648 0.123486
0 0.599250 0.815056 0.048062 0.193778
0 0.698469 0.739333 0.041812 0.166333
0 0.807937 0.608014 0.043687 0.157583
0 0.799242 0.462910 0.038016 0.156958
0 0.911023 0.257611 0.036266 0.136861
0 0.958969 0.243681 0.032469 0.122361
0 0.921285 0.160285 0.031164 0.100542
0 0.953555 0.019861 0.014297 0.039722
0 0.890289 0.097007 0.028703 0.120153
0 0.858461 0.072618 0.020047 0.102986
0 0.839875 0.075604 0.019594 0.097958
0 0.729965 0.102396 0.018570 0.121069
0 0.729695 0.036458 0.026266 0.072917
0 0.684488 0.046347 0.018805 0.092306
0 0.664555 0.073785 0.016047 0.067986
0 0.582539 0.125938 0.021328 0.099792
0 0.634621 0.125833 0.023773 0.118333
0 0.620301 0.148653 0.024039 0.118528
0 0.529328 0.198000 0.031937 0.133722
0 0.496344 0.274076 0.030453 0.132403
0 0.491129 0.099993 0.020227 0.113625
0 0.486227 0.035000 0.019891 0.070000
0 0.451094 0.112785 0.021406 0.121819
0 0.422969 0.110271 0.020937 0.122514
0 0.389770 0.025597 0.025633 0.051194
0 0.462566 0.018819 0.027008 0.037639
0 0.379480 0.217750 0.027445 0.131167
0 0.315844 0.364514 0.035031 0.128750
0 0.311965 0.269500 0.025758 0.091278
0 0.221016 0.040417 0.024687 0.080833
0 0.162422 0.047604 0.025000 0.095208
0 0.058516 0.168958 0.025156 0.107361
0 0.950273 0.617785 0.048672 0.171792
0 0.992578 0.160313 0.014844 0.095764
