0 0.063820 0.835903 0.069078 0.155694
0 0.146539 0.526500 0.039891 0.157556
0 0.193902 0.523479 0.032039 0.137486
0 0.217465 0.542604 0.034914 0.148125
0 0.229125 0.503292 0.030594 0.110861
0 0.251938 0.531847 0.028781 0.123194
0 0.369656 0.620472 0.037562 0.178778
0 0.408277 0.447000 0.028633 0.151778
0 0.615242 0.491882 0.033734 0.135125
0 0.610871 0.892813 0.047320 0.197431
0 0.741320 0.738847 0.041734 0.159528
0 0.794656 0.561750 0.040406 0.159556
0 0.785961 0.407382 0.035672 0.145514
0 0.903895 0.228451 0.036227 0.137264
0 0.954805 0.216528 0.029297 0.121111
0 0.918937 0.135118 0.030375 0.093931
0 0.954922 0.021111 0.015781 0.042222
0 0.889191 0.082299 0.028852 0.119014
0 0.854156 0.065382 0.025188 0.099792
0 0.838375 0.071146 0.017688 0.101319
0 0.731023 0.106056 0.018922 0.124000
0 0.737508 0.039028 0.024766 0.078056
0 0.687461 0.048236 0.020703 0.095194
0 0.668551 0.077597 0.016945 0.066194
0 0.578742 0.108875 0.025453 0.101417
0 0.638906 0.152097 0.025687 0.120528
0 0.623062 0.174917 0.028000 0.122111
0 0.528344 0.173021 0.030125 0.124792
0 0.495758 0.248722 0.028891 0.130889
0 0.483422 0.121111 0.018094 0.113889
0 0.482930 0.042014 0.018359 0.084028
0 0.452602 0.117271 0.021359 0.120458
0 0.425070 0.121403 0.019078 0.119972
0 0.390508 0.036368 0.027422 0.072736
0 0.429828 0.021389 0.022219 0.042778
0 0.383461 0.247042 0.027922 0.128694
0 0.312230 0.340222 0.030758 0.134833
0 0.312402 0.248125 0.025195 0.090139
0 0.210500 0.051319 0.021969 0.102639
0 0.198352 0.013472 0.015328 0.026944
0 0.142105 0.069215 0.027508 0.107958
0 0.060340 0.172750 0.025102 0.108944
0 0.976484 0.677910 0.047031 0.185014
0 0.993477 0.147597 0.013047 0.092306
0 0.063820 0.835903 0.069078 0.155694
0 0.146539 0.526500 0.039891 0.157556
0 0.193902 0.523479 0.032039 0.137486
0 0.217465 0.542604 0.034914 0.148125
0 0.229125 0.503292 0.030594 0.110861
0 0.251938 0.531847 0.028781 0.123194
0 0.369656 0.620472 0.037562 0.178778
0 0.408277 0.447000 0.028633 0.151778
0 0.615242 0.491882 0.033734 0.135125
0 0.610871 0.892813 0.047320 0.197431
0 0.741320 0.738847 0.041734 0.159528
0 0.794656 0.561750 0.040406 0.159556
0 0.785961 0.407382 0.035672 0.145514
0 0.903895 0.228451 0.036227 0.137264
0 0.954805 0.216528 0.029297 0.121111
0 0.918937 0.135118 0.030375 0.093931
0 0.954922 0.021111 0.015781 0.042222
0 0.889191 0.082299 0.028852 0.119014
0 0.854156 0.065382 0.025188 0.099792
0 0.838375 0.071146 0.017688 0.101319
0 0.731023 0.106056 0.018922 0.124000
0 0.737508 0.039028 0.024766 0.078056
0 0.687461 0.048236 0.020703 0.095194
0 0.668551 0.077597 0.016945 0.066194
0 0.578742 0.108875 0.025453 0.101417
0 0.638906 0.152097 0.025687 0.120528
0 0.623062 0.174917 0.028000 0.122111
0 0.528344 0.173021 0.030125 0.124792
0 0.495758 0.248722 0.028891 0.130889
0 0.483422 0.121111 0.018094 0.113889
0 0.482930 0.042014 0.018359 0.084028
0 0.452602 0.117271 0.021359 0.120458
0 0.425070 0.121403 0.019078 0.119972
0 0.390508 0.036368 0.027422 0.072736
0 0.429828 0.021389 0.022219 0.042778
0 0.383461 0.247042 0.027922 0.128694
0 0.312230 0.340222 0.030758 0.134833
0 0.312402 0.248125 0.025195 0.090139
0 0.210500 0.051319 0.021969 0.102639
0 0.198352 0.013472 0.015328 0.026944
0 0.142105 0.069215 0.027508 0.107958
0 0.060340 0.172750 0.025102 0.108944
0 0.976484 0.677910 0.047031 0.185014
0 0.993477 0.147597 0.013047 0.092306
