0 0.066062 0.843861 0.063969 0.162278
0 0.142105 0.542354 0.035477 0.162236
0 0.193191 0.520854 0.033461 0.137736
0 0.216367 0.540069 0.035547 0.146250
0 0.227020 0.501812 0.030648 0.112486
0 0.251406 0.529181 0.028750 0.121083
0 0.369477 0.592562 0.035266 0.169042
0 0.408035 0.426201 0.030180 0.145375
0 0.613770 0.472583 0.033711 0.127056
0 0.605270 0.857993 0.047117 0.185958
0 0.718809 0.738437 0.059570 0.158125
0 0.799816 0.572306 0.043336 0.156500
0 0.789488 0.428576 0.038680 0.153125
0 0.905184 0.236396 0.036617 0.134431
0 0.954594 0.225889 0.028094 0.121111
0 0.920203 0.143514 0.029469 0.091028
0 0.953984 0.020972 0.015781 0.041944
0 0.888563 0.083132 0.028844 0.119014
0 0.857047 0.069271 0.019875 0.105625
0 0.837906 0.070868 0.017531 0.098819
0 0.730301 0.104188 0.018570 0.121069
0 0.733926 0.032847 0.026758 0.065694
0 0.687012 0.046736 0.020711 0.093472
0 0.667023 0.075028 0.017484 0.066333
0 0.578816 0.112167 0.023727 0.097611
0 0.638293 0.145979 0.023773 0.124708
0 0.621590 0.165514 0.025992 0.122111
0 0.528344 0.183938 0.030125 0.127403
0 0.497734 0.255812 0.029531 0.129208
0 0.484828 0.115111 0.018094 0.113889
0 0.484789 0.037431 0.019891 0.074861
0 0.452070 0.113951 0.021797 0.121819
0 0.423555 0.116458 0.018359 0.123750
0 0.388777 0.033194 0.024586 0.066389
0 0.438297 0.021042 0.038406 0.042083
0 0.379805 0.242215 0.029609 0.135847
0 0.311629 0.341431 0.032633 0.129639
0 0.312242 0.254549 0.025734 0.086181
0 0.213238 0.050139 0.022273 0.100278
0 0.151340 0.060292 0.034508 0.106917
0 0.059371 0.170278 0.025633 0.110000
0 0.970887 0.646021 0.043961 0.162125
0 0.992852 0.146486 0.014297 0.090083
0 0.066062 0.843861 0.063969 0.162278
0 0.142105 0.542354 0.035477 0.162236
0 0.193191 0.520854 0.033461 0.137736
0 0.216367 0.540069 0.035547 0.146250
0 0.227020 0.501812 0.030648 0.112486
0 0.251406 0.529181 0.028750 0.121083
0 0.369477 0.592562 0.035266 0.169042
0 0.408035 0.426201 0.030180 0.145375
0 0.613770 0.472583 0.033711 0.127056
0 0.605270 0.857993 0.047117 0.185958
0 0.718809 0.738437 0.059570 0.158125
0 0.799816 0.572306 0.043336 0.156500
0 0.789488 0.428576 0.038680 0.153125
0 0.905184 0.236396 0.036617 0.134431
0 0.954594 0.225889 0.028094 0.121111
0 0.920203 0.143514 0.029469 0.091028
0 0.953984 0.020972 0.015781 0.041944
0 0.888563 0.083132 0.028844 0.119014
0 0.857047 0.069271 0.019875 0.105625
0 0.837906 0.070868 0.017531 0.098819
0 0.730301 0.104188 0.018570 0.121069
0 0.733926 0.032847 0.026758 0.065694
0 0.687012 0.046736 0.020711 0.093472
0 0.667023 0.075028 0.017484 0.066333
0 0.578816 0.112167 0.023727 0.097611
0 0.638293 0.145979 0.023773 0.124708
0 0.621590 0.165514 0.025992 0.122111
0 0.528344 0.183938 0.030125 0.127403
0 0.497734 0.255812 0.029531 0.129208
0 0.484828 0.115111 0.018094 0.113889
0 0.484789 0.037431 0.019891 0.074861
0 0.452070 0.113951 0.021797 0.121819
0 0.423555 0.116458 0.018359 0.123750
0 0.388777 0.033194 0.024586 0.066389
0 0.438297 0.021042 0.038406 0.042083
0 0.379805 0.242215 0.029609 0.135847
0 0.311629 0.341431 0.032633 0.129639
0 0.312242 0.254549 0.025734 0.086181
0 0.213238 0.050139 0.022273 0.100278
0 0.151340 0.060292 0.034508 0.106917
0 0.059371 0.170278 0.025633 0.110000
0 0.970887 0.646021 0.043961 0.162125
0 0.992852 0.146486 0.014297 0.090083
