0 0.065922 0.842271 0.065609 0.160958
0 0.142992 0.536972 0.036359 0.157306
0 0.193336 0.521382 0.033172 0.137681
0 0.216586 0.540576 0.035422 0.146625
0 0.227441 0.502111 0.030633 0.112167
0 0.251512 0.529715 0.028758 0.121514
0 0.369512 0.594743 0.035727 0.166347
0 0.408082 0.428486 0.029867 0.142889
0 0.614066 0.474319 0.033711 0.124417
0 0.606391 0.865812 0.047156 0.189958
0 0.724004 0.738618 0.055055 0.158403
0 0.798781 0.565889 0.042750 0.148500
0 0.788781 0.425521 0.038078 0.153958
0 0.904926 0.235306 0.036539 0.135972
0 0.954637 0.225062 0.028336 0.121431
0 0.919949 0.141833 0.029648 0.091611
0 0.954172 0.021000 0.015781 0.042000
0 0.888687 0.082965 0.028844 0.119014
0 0.856469 0.068292 0.020937 0.104056
0 0.838000 0.070924 0.017563 0.099319
0 0.730445 0.104562 0.018641 0.121653
0 0.734641 0.031667 0.026359 0.063333
0 0.687102 0.047035 0.020703 0.093819
0 0.667328 0.075542 0.017375 0.066306
0 0.578801 0.111507 0.024070 0.098375
0 0.638344 0.146472 0.024156 0.123861
0 0.621883 0.167389 0.026391 0.122111
0 0.528344 0.182556 0.030125 0.128500
0 0.497340 0.254792 0.029398 0.130333
0 0.484547 0.116313 0.018094 0.113875
0 0.484418 0.038347 0.019586 0.076694
0 0.452176 0.114618 0.021711 0.121542
0 0.423859 0.117451 0.018500 0.122986
0 0.389125 0.033146 0.025156 0.066292
0 0.437988 0.021111 0.037930 0.042222
0 0.380535 0.243181 0.029273 0.134417
0 0.311750 0.341187 0.032266 0.130681
0 0.312277 0.253264 0.025633 0.086972
0 0.212492 0.050375 0.021813 0.100750
0 0.148742 0.061146 0.031219 0.107125
0 0.059562 0.170771 0.025531 0.109792
0 0.971961 0.652278 0.044078 0.168139
0 0.992977 0.146708 0.014047 0.090528
0 0.065922 0.842271 0.065609 0.160958
0 0.142992 0.536972 0.036359 0.157306
0 0.193336 0.521382 0.033172 0.137681
0 0.216586 0.540576 0.035422 0.146625
0 0.227441 0.502111 0.030633 0.112167
0 0.251512 0.529715 0.028758 0.121514
0 0.369512 0.594743 0.035727 0.166347
0 0.408082 0.428486 0.029867 0.142889
0 0.614066 0.474319 0.033711 0.124417
0 0.606391 0.865812 0.047156 0.189958
0 0.724004 0.738618 0.055055 0.158403
0 0.798781 0.565889 0.042750 0.148500
0 0.788781 0.425521 0.038078 0.153958
0 0.904926 0.235306 0.036539 0.135972
0 0.954637 0.225062 0.028336 0.121431
0 0.919949 0.141833 0.029648 0.091611
0 0.954172 0.021000 0.015781 0.042000
0 0.888687 0.082965 0.028844 0.119014
0 0.856469 0.068292 0.020937 0.104056
0 0.838000 0.070924 0.017563 0.099319
0 0.730445 0.104562 0.018641 0.121653
0 0.734641 0.031667 0.026359 0.063333
0 0.687102 0.047035 0.020703 0.093819
0 0.667328 0.075542 0.017375 0.066306
0 0.578801 0.111507 0.024070 0.098375
0 0.638344 0.146472 0.024156 0.123861
0 0.621883 0.167389 0.026391 0.122111
0 0.528344 0.182556 0.030125 0.128500
0 0.497340 0.254792 0.029398 0.130333
0 0.484547 0.116313 0.018094 0.113875
0 0.484418 0.038347 0.019586 0.076694
0 0.452176 0.114618 0.021711 0.121542
0 0.423859 0.117451 0.018500 0.122986
0 0.389125 0.033146 0.025156 0.066292
0 0.437988 0.021111 0.037930 0.042222
0 0.380535 0.243181 0.029273 0.134417
0 0.311750 0.341187 0.032266 0.130681
0 0.312277 0.253264 0.025633 0.086972
0 0.212492 0.050375 0.021813 0.100750
0 0.148742 0.061146 0.031219 0.107125
0 0.059562 0.170771 0.025531 0.109792
0 0.971961 0.652278 0.044078 0.168139
0 0.992977 0.146708 0.014047 0.090528
