0 0.069410 0.845993 0.055805 0.160597
0 0.139555 0.565965 0.037453 0.166125
0 0.192090 0.519069 0.032336 0.138806
0 0.215223 0.539139 0.036805 0.146306
0 0.225043 0.500431 0.031320 0.112472
0 0.251406 0.529181 0.028750 0.121083
0 0.369477 0.575306 0.036859 0.179667
0 0.408773 0.414993 0.029172 0.151681
0 0.613227 0.461257 0.035641 0.132153
0 0.601582 0.826576 0.047773 0.182736
0 0.707777 0.736424 0.054445 0.159764
0 0.803980 0.601354 0.042320 0.167708
0 0.795547 0.444042 0.037750 0.146917
0 0.907109 0.244486 0.039563 0.133806
0 0.957641 0.229563 0.030187 0.117542
0 0.920770 0.153194 0.030133 0.090944
0 0.953566 0.019861 0.014648 0.039722
0 0.889016 0.092264 0.028156 0.120750
0 0.857711 0.071549 0.020047 0.102986
0 0.838781 0.071271 0.018781 0.095958
0 0.730098 0.103111 0.018570 0.121056
0 0.730809 0.032813 0.026008 0.065097
0 0.685750 0.046660 0.018812 0.093236
0 0.665457 0.074250 0.016055 0.066667
0 0.581000 0.121847 0.022250 0.100611
0 0.635609 0.137250 0.023766 0.125500
0 0.620633 0.151312 0.025203 0.117875
0 0.529020 0.190062 0.031695 0.127431
0 0.497641 0.262937 0.030453 0.128569
0 0.488156 0.103076 0.019031 0.108653
0 0.485148 0.033944 0.019891 0.067889
0 0.451500 0.112785 0.021719 0.121819
0 0.423000 0.112014 0.019750 0.122139
0 0.389164 0.029340 0.023172 0.058681
0 0.450980 0.020486 0.014289 0.040972
0 0.378969 0.222042 0.029172 0.127611
0 0.313918 0.357049 0.035383 0.135347
0 0.311793 0.263160 0.025977 0.089292
0 0.216531 0.043611 0.020219 0.087222
0 0.159309 0.054444 0.031227 0.104639
0 0.058953 0.170014 0.026031 0.109472
0 0.955305 0.630993 0.055219 0.173431
0 0.992547 0.155958 0.014906 0.099889
0 0.069410 0.845993 0.055805 0.160597
0 0.139555 0.565965 0.037453 0.166125
0 0.192090 0.519069 0.032336 0.138806
0 0.215223 0.539139 0.036805 0.146306
0 0.225043 0.500431 0.031320 0.112472
0 0.251406 0.529181 0.028750 0.121083
0 0.369477 0.575306 0.036859 0.179667
0 0.408773 0.414993 0.029172 0.151681
0 0.613227 0.461257 0.035641 0.132153
0 0.601582 0.826576 0.047773 0.182736
0 0.707777 0.736424 0.054445 0.159764
0 0.803980 0.601354 0.042320 0.167708
0 0.795547 0.444042 0.037750 0.146917
0 0.907109 0.244486 0.039563 0.133806
0 0.957641 0.229563 0.030187 0.117542
0 0.920770 0.153194 0.030133 0.090944
0 0.953566 0.019861 0.014648 0.039722
0 0.889016 0.092264 0.028156 0.120750
0 0.857711 0.071549 0.020047 0.102986
0 0.838781 0.071271 0.018781 0.095958
0 0.730098 0.103111 0.018570 0.121056
0 0.730809 0.032813 0.026008 0.065097
0 0.685750 0.046660 0.018812 0.093236
0 0.665457 0.074250 0.016055 0.066667
0 0.581000 0.121847 0.022250 0.100611
0 0.635609 0.137250 0.023766 0.125500
0 0.620633 0.151312 0.025203 0.117875
0 0.529020 0.190062 0.031695 0.127431
0 0.497641 0.262937 0.030453 0.128569
0 0.488156 0.103076 0.019031 0.108653
0 0.485148 0.033944 0.019891 0.067889
0 0.451500 0.112785 0.021719 0.121819
0 0.423000 0.112014 0.019750 0.122139
0 0.389164 0.029340 0.023172 0.058681
0 0.450980 0.020486 0.014289 0.040972
0 0.378969 0.222042 0.029172 0.127611
0 0.313918 0.357049 0.035383 0.135347
0 0.311793 0.263160 0.025977 0.089292
0 0.216531 0.043611 0.020219 0.087222
0 0.159309 0.054444 0.031227 0.104639
0 0.058953 0.170014 0.026031 0.109472
0 0.955305 0.630993 0.055219 0.173431
0 0.992547 0.155958 0.014906 0.099889
