0 0.075082 0.866389 0.053586 0.177778
0 0.137469 0.587069 0.042406 0.163917
0 0.192023 0.518382 0.032328 0.138819
0 0.217531 0.538139 0.044312 0.146500
0 0.225117 0.500361 0.030703 0.112472
0 0.251289 0.529181 0.028750 0.121083
0 0.371309 0.541201 0.034805 0.168875
0 0.409371 0.390222 0.029258 0.142806
0 0.614793 0.442299 0.034258 0.125792
0 0.597785 0.789653 0.046586 0.178917
0 0.689594 0.748319 0.044656 0.173639
0 0.810367 0.626472 0.044422 0.167889
0 0.802758 0.480208 0.038859 0.159583
0 0.913891 0.262014 0.037500 0.135889
0 0.961754 0.251444 0.034758 0.125250
0 0.922145 0.168757 0.031383 0.104264
0 0.953227 0.019861 0.014953 0.039722
0 0.891637 0.098465 0.028773 0.117903
0 0.859633 0.073583 0.018719 0.102111
0 0.841168 0.077312 0.021617 0.098375
0 0.729965 0.102396 0.018570 0.121069
0 0.728848 0.044583 0.027289 0.089167
0 0.684488 0.046347 0.018805 0.092306
0 0.664555 0.073785 0.016047 0.067986
0 0.582586 0.129875 0.023672 0.098667
0 0.633875 0.124889 0.023781 0.121722
0 0.619762 0.143986 0.024039 0.119528
0 0.529625 0.205896 0.031453 0.134875
0 0.495637 0.278451 0.030258 0.131069
0 0.492004 0.096097 0.020227 0.112083
0 0.486125 0.049674 0.019891 0.099347
0 0.451328 0.112715 0.020938 0.120764
0 0.423297 0.108729 0.021594 0.119431
0 0.391785 0.024861 0.025258 0.049722
0 0.464438 0.018556 0.029031 0.037056
0 0.380563 0.214458 0.027719 0.133222
0 0.316160 0.365875 0.033758 0.126306
0 0.312285 0.273757 0.025492 0.087597
0 0.224465 0.039833 0.025648 0.079667
0 0.168090 0.047792 0.026477 0.095583
0 0.058516 0.168958 0.025156 0.107361
0 0.948191 0.597951 0.044602 0.157431
0 0.992906 0.161542 0.014188 0.093306
0 0.075082 0.866389 0.053586 0.177778
0 0.137469 0.587069 0.042406 0.163917
0 0.192023 0.518382 0.032328 0.138819
0 0.217531 0.538139 0.044312 0.146500
0 0.225117 0.500361 0.030703 0.112472
0 0.251289 0.529181 0.028750 0.121083
0 0.371309 0.541201 0.034805 0.168875
0 0.409371 0.390222 0.029258 0.142806
0 0.614793 0.442299 0.034258 0.125792
0 0.597785 0.789653 0.046586 0.178917
0 0.689594 0.748319 0.044656 0.173639
0 0.810367 0.626472 0.044422 0.167889
0 0.802758 0.480208 0.038859 0.159583
0 0.913891 0.262014 0.037500 0.135889
0 0.961754 0.251444 0.034758 0.125250
0 0.922145 0.168757 0.031383 0.104264
0 0.953227 0.019861 0.014953 0.039722
0 0.891637 0.098465 0.028773 0.117903
0 0.859633 0.073583 0.018719 0.102111
0 0.841168 0.077312 0.021617 0.098375
0 0.729965 0.102396 0.018570 0.121069
0 0.728848 0.044583 0.027289 0.089167
0 0.684488 0.046347 0.018805 0.092306
0 0.664555 0.073785 0.016047 0.067986
0 0.582586 0.129875 0.023672 0.098667
0 0.633875 0.124889 0.023781 0.121722
0 0.619762 0.143986 0.024039 0.119528
0 0.529625 0.205896 0.031453 0.134875
0 0.495637 0.278451 0.030258 0.131069
0 0.492004 0.096097 0.020227 0.112083
0 0.486125 0.049674 0.019891 0.099347
0 0.451328 0.112715 0.020938 0.120764
0 0.423297 0.108729 0.021594 0.119431
0 0.391785 0.024861 0.025258 0.049722
0 0.464438 0.018556 0.029031 0.037056
0 0.380563 0.214458 0.027719 0.133222
0 0.316160 0.365875 0.033758 0.126306
0 0.312285 0.273757 0.025492 0.087597
0 0.224465 0.039833 0.025648 0.079667
0 0.168090 0.047792 0.026477 0.095583
0 0.058516 0.168958 0.025156 0.107361
0 0.948191 0.597951 0.044602 0.157431
0 0.992906 0.161542 0.014188 0.093306
