0 0.060188 0.834417 0.066141 0.158222
0 0.147637 0.525361 0.040508 0.160583
0 0.194340 0.524069 0.031477 0.137750
0 0.218090 0.543653 0.035539 0.148194
0 0.230016 0.504243 0.029016 0.110875
0 0.252688 0.532354 0.028781 0.123208
0 0.369969 0.631812 0.038516 0.183042
0 0.408949 0.453799 0.028633 0.151764
0 0.614680 0.498396 0.034234 0.136819
0 0.613324 0.897764 0.048227 0.191694
0 0.743684 0.739382 0.044664 0.160903
0 0.792988 0.558562 0.041039 0.161208
0 0.784090 0.406938 0.035555 0.149736
0 0.903633 0.222569 0.035859 0.128111
0 0.954656 0.212771 0.028844 0.120569
0 0.918344 0.134535 0.029812 0.094542
0 0.955734 0.021556 0.016031 0.043111
0 0.889441 0.080576 0.028227 0.120347
0 0.853609 0.065882 0.025094 0.100347
0 0.838375 0.070146 0.017688 0.101319
0 0.731398 0.106056 0.018172 0.124000
0 0.738711 0.039750 0.024766 0.079500
0 0.688246 0.049028 0.020336 0.094917
0 0.669648 0.078806 0.016094 0.069528
0 0.579352 0.105500 0.024094 0.099472
0 0.638984 0.158618 0.025687 0.126236
0 0.622891 0.176542 0.027281 0.119750
0 0.528516 0.172396 0.030156 0.126597
0 0.496172 0.243674 0.028891 0.127014
0 0.482563 0.122278 0.018312 0.112667
0 0.482977 0.040125 0.018063 0.080250
0 0.452977 0.118743 0.021359 0.121264
0 0.425508 0.122514 0.018203 0.119194
0 0.389758 0.040139 0.027422 0.080278
0 0.425395 0.021917 0.013133 0.043833
0 0.384328 0.254611 0.028750 0.130778
0 0.312703 0.337271 0.030750 0.133764
0 0.312184 0.245708 0.024883 0.087417
0 0.209871 0.055458 0.023414 0.101861
0 0.195867 0.014472 0.019234 0.028944
0 0.140270 0.074313 0.029617 0.110819
0 0.060789 0.173264 0.025453 0.108694
0 0.978438 0.682049 0.043125 0.181181
0 0.993883 0.145097 0.012234 0.088972
0 0.060188 0.834417 0.066141 0.158222
0 0.147637 0.525361 0.040508 0.160583
0 0.194340 0.524069 0.031477 0.137750
0 0.218090 0.543653 0.035539 0.148194
0 0.230016 0.504243 0.029016 0.110875
0 0.252688 0.532354 0.028781 0.123208
0 0.369969 0.631812 0.038516 0.183042
0 0.408949 0.453799 0.028633 0.151764
0 0.614680 0.498396 0.034234 0.136819
0 0.613324 0.897764 0.048227 0.191694
0 0.743684 0.739382 0.044664 0.160903
0 0.792988 0.558562 0.041039 0.161208
0 0.784090 0.406938 0.035555 0.149736
0 0.903633 0.222569 0.035859 0.128111
0 0.954656 0.212771 0.028844 0.120569
0 0.918344 0.134535 0.029812 0.094542
0 0.955734 0.021556 0.016031 0.043111
0 0.889441 0.080576 0.028227 0.120347
0 0.853609 0.065882 0.025094 0.100347
0 0.838375 0.070146 0.017688 0.101319
0 0.731398 0.106056 0.018172 0.124000
0 0.738711 0.039750 0.024766 0.079500
0 0.688246 0.049028 0.020336 0.094917
0 0.669648 0.078806 0.016094 0.069528
0 0.579352 0.105500 0.024094 0.099472
0 0.638984 0.158618 0.025687 0.126236
0 0.622891 0.176542 0.027281 0.119750
0 0.528516 0.172396 0.030156 0.126597
0 0.496172 0.243674 0.028891 0.127014
0 0.482563 0.122278 0.018312 0.112667
0 0.482977 0.040125 0.018063 0.080250
0 0.452977 0.118743 0.021359 0.121264
0 0.425508 0.122514 0.018203 0.119194
0 0.389758 0.040139 0.027422 0.080278
0 0.425395 0.021917 0.013133 0.043833
0 0.384328 0.254611 0.028750 0.130778
0 0.312703 0.337271 0.030750 0.133764
0 0.312184 0.245708 0.024883 0.087417
0 0.209871 0.055458 0.023414 0.101861
0 0.195867 0.014472 0.019234 0.028944
0 0.140270 0.074313 0.029617 0.110819
0 0.060789 0.173264 0.025453 0.108694
0 0.978438 0.682049 0.043125 0.181181
0 0.993883 0.145097 0.012234 0.088972
