0 0.058371 0.833674 0.064664 0.159486
0 0.148187 0.524792 0.040813 0.162083
0 0.194559 0.524361 0.031195 0.137889
0 0.218398 0.544181 0.035859 0.148250
0 0.230461 0.504722 0.028234 0.110861
0 0.253062 0.532611 0.028781 0.123194
0 0.370129 0.636757 0.038992 0.183708
0 0.409285 0.457194 0.028633 0.151778
0 0.614398 0.500854 0.034484 0.136069
0 0.614551 0.900521 0.048680 0.186097
0 0.744922 0.739646 0.046250 0.161597
0 0.792156 0.555049 0.041359 0.162042
0 0.783152 0.406722 0.035508 0.151833
0 0.902750 0.221410 0.035672 0.127486
0 0.953801 0.209604 0.030180 0.117736
0 0.918047 0.134243 0.029531 0.094847
0 0.956141 0.021778 0.016156 0.043556
0 0.889566 0.079715 0.027914 0.121014
0 0.853336 0.066132 0.025047 0.100625
0 0.838375 0.069646 0.017688 0.101319
0 0.731586 0.106056 0.017797 0.124000
0 0.739305 0.040111 0.024766 0.080222
0 0.688641 0.049417 0.020156 0.094778
0 0.670199 0.079403 0.015664 0.071194
0 0.579652 0.103806 0.023414 0.098500
0 0.639023 0.161882 0.025687 0.129097
0 0.622809 0.177354 0.026930 0.118569
0 0.528602 0.172083 0.030172 0.127500
0 0.496375 0.241146 0.028891 0.125069
0 0.482133 0.122861 0.018422 0.112056
0 0.483004 0.039181 0.017914 0.078361
0 0.453164 0.119479 0.021359 0.121681
0 0.425727 0.123069 0.017766 0.118806
0 0.389383 0.040917 0.027422 0.081833
0 0.422695 0.022181 0.013828 0.044361
0 0.384684 0.260444 0.029164 0.133972
0 0.312941 0.335340 0.030758 0.132319
0 0.312074 0.244500 0.024727 0.086056
0 0.209559 0.057868 0.024133 0.105736
0 0.195461 0.014972 0.019516 0.029944
0 0.140156 0.075646 0.028906 0.109819
0 0.061012 0.173521 0.025633 0.108569
0 0.979414 0.684118 0.041172 0.179264
0 0.994086 0.143847 0.011828 0.087306
0 0.058371 0.833674 0.064664 0.159486
0 0.148187 0.524792 0.040813 0.162083
0 0.194559 0.524361 0.031195 0.137889
0 0.218398 0.544181 0.035859 0.148250
0 0.230461 0.504722 0.028234 0.110861
0 0.253062 0.532611 0.028781 0.123194
0 0.370129 0.636757 0.038992 0.183708
0 0.409285 0.457194 0.028633 0.151778
0 0.614398 0.500854 0.034484 0.136069
0 0.614551 0.900521 0.048680 0.186097
0 0.744922 0.739646 0.046250 0.161597
0 0.792156 0.555049 0.041359 0.162042
0 0.783152 0.406722 0.035508 0.151833
0 0.902750 0.221410 0.035672 0.127486
0 0.953801 0.209604 0.030180 0.117736
0 0.918047 0.134243 0.029531 0.094847
0 0.956141 0.021778 0.016156 0.043556
0 0.889566 0.079715 0.027914 0.121014
0 0.853336 0.066132 0.025047 0.100625
0 0.838375 0.069646 0.017688 0.101319
0 0.731586 0.106056 0.017797 0.124000
0 0.739305 0.040111 0.024766 0.080222
0 0.688641 0.049417 0.020156 0.094778
0 0.670199 0.079403 0.015664 0.071194
0 0.579652 0.103806 0.023414 0.098500
0 0.639023 0.161882 0.025687 0.129097
0 0.622809 0.177354 0.026930 0.118569
0 0.528602 0.172083 0.030172 0.127500
0 0.496375 0.241146 0.028891 0.125069
0 0.482133 0.122861 0.018422 0.112056
0 0.483004 0.039181 0.017914 0.078361
0 0.453164 0.119479 0.021359 0.121681
0 0.425727 0.123069 0.017766 0.118806
0 0.389383 0.040917 0.027422 0.081833
0 0.422695 0.022181 0.013828 0.044361
0 0.384684 0.260444 0.029164 0.133972
0 0.312941 0.335340 0.030758 0.132319
0 0.312074 0.244500 0.024727 0.086056
0 0.209559 0.057868 0.024133 0.105736
0 0.195461 0.014972 0.019516 0.029944
0 0.140156 0.075646 0.028906 0.109819
0 0.061012 0.173521 0.025633 0.108569
0 0.979414 0.684118 0.041172 0.179264
0 0.994086 0.143847 0.011828 0.087306
