0 0.070305 0.847076 0.053734 0.157236
0 0.138461 0.568549 0.038078 0.161514
0 0.192039 0.518521 0.032328 0.138819
0 0.214734 0.538632 0.037281 0.146403
0 0.225043 0.500431 0.031320 0.112472
0 0.251406 0.529181 0.028750 0.121083
0 0.370598 0.558937 0.035633 0.166764
0 0.408926 0.405194 0.029180 0.146528
0 0.613289 0.453056 0.035641 0.129000
0 0.600418 0.820819 0.047914 0.188250
0 0.701590 0.737875 0.045055 0.163056
0 0.805961 0.606187 0.043000 0.162708
0 0.797395 0.451486 0.037883 0.147944
0 0.909066 0.252278 0.037914 0.137806
0 0.958305 0.238208 0.031328 0.123111
0 0.921027 0.156743 0.030648 0.095736
0 0.953562 0.019861 0.014469 0.039722
0 0.889652 0.094632 0.028430 0.120458
0 0.858086 0.072090 0.020047 0.102986
0 0.839328 0.073438 0.019187 0.096958
0 0.730031 0.102750 0.018563 0.121056
0 0.730250 0.034639 0.026141 0.069000
0 0.685117 0.046507 0.018813 0.092764
0 0.665008 0.074014 0.016047 0.067333
0 0.581770 0.125076 0.021789 0.100208
0 0.635113 0.129875 0.023773 0.118583
0 0.620469 0.149979 0.024625 0.118208
0 0.529176 0.191667 0.031820 0.125833
0 0.496992 0.269549 0.030453 0.132569
0 0.490250 0.101535 0.020844 0.111153
0 0.485688 0.034472 0.019891 0.068944
0 0.451297 0.112785 0.021563 0.121819
0 0.422984 0.111146 0.020344 0.122319
0 0.389469 0.027465 0.024406 0.054931
0 0.459227 0.019979 0.020297 0.039958
0 0.379227 0.218847 0.028312 0.129389
0 0.314879 0.361771 0.035211 0.134042
0 0.311879 0.266326 0.025867 0.090292
0 0.219141 0.040694 0.023187 0.081389
0 0.160863 0.050257 0.028117 0.098375
0 0.058734 0.169486 0.025594 0.108417
0 0.952352 0.625069 0.052828 0.173972
0 0.992563 0.158708 0.014875 0.098972
0 0.070305 0.847076 0.053734 0.157236
0 0.138461 0.568549 0.038078 0.161514
0 0.192039 0.518521 0.032328 0.138819
0 0.214734 0.538632 0.037281 0.146403
0 0.225043 0.500431 0.031320 0.112472
0 0.251406 0.529181 0.028750 0.121083
0 0.370598 0.558937 0.035633 0.166764
0 0.408926 0.405194 0.029180 0.146528
0 0.613289 0.453056 0.035641 0.129000
0 0.600418 0.820819 0.047914 0.188250
0 0.701590 0.737875 0.045055 0.163056
0 0.805961 0.606187 0.043000 0.162708
0 0.797395 0.451486 0.037883 0.147944
0 0.909066 0.252278 0.037914 0.137806
0 0.958305 0.238208 0.031328 0.123111
0 0.921027 0.156743 0.030648 0.095736
0 0.953562 0.019861 0.014469 0.039722
0 0.889652 0.094632 0.028430 0.120458
0 0.858086 0.072090 0.020047 0.102986
0 0.839328 0.073438 0.019187 0.096958
0 0.730031 0.102750 0.018563 0.121056
0 0.730250 0.034639 0.026141 0.069000
0 0.685117 0.046507 0.018813 0.092764
0 0.665008 0.074014 0.016047 0.067333
0 0.581770 0.125076 0.021789 0.100208
0 0.635113 0.129875 0.023773 0.118583
0 0.620469 0.149979 0.024625 0.118208
0 0.529176 0.191667 0.031820 0.125833
0 0.496992 0.269549 0.030453 0.132569
0 0.490250 0.101535 0.020844 0.111153
0 0.485688 0.034472 0.019891 0.068944
0 0.451297 0.112785 0.021563 0.121819
0 0.422984 0.111146 0.020344 0.122319
0 0.389469 0.027465 0.024406 0.054931
0 0.459227 0.019979 0.020297 0.039958
0 0.379227 0.218847 0.028312 0.129389
0 0.314879 0.361771 0.035211 0.134042
0 0.311879 0.266326 0.025867 0.090292
0 0.219141 0.040694 0.023187 0.081389
0 0.160863 0.050257 0.028117 0.098375
0 0.058734 0.169486 0.025594 0.108417
0 0.952352 0.625069 0.052828 0.173972
0 0.992563 0.158708 0.014875 0.098972
