0 0.047578 0.830229 0.054813 0.172597
0 0.150520 0.488875 0.037055 0.149861
0 0.194281 0.526736 0.029516 0.135417
0 0.217227 0.547861 0.038781 0.148333
0 0.230254 0.508354 0.028273 0.110431
0 0.254156 0.535451 0.029516 0.122236
0 0.369617 0.664799 0.038063 0.171181
0 0.411379 0.478681 0.033539 0.150111
0 0.611777 0.520486 0.038414 0.130167
0 0.621070 0.928243 0.052234 0.143514
0 0.757828 0.738299 0.060078 0.169458
0 0.785617 0.524132 0.039734 0.151542
0 0.775984 0.375479 0.034359 0.143792
0 0.895734 0.211181 0.035813 0.130361
0 0.950113 0.202660 0.030617 0.120014
0 0.915203 0.135875 0.029656 0.119806
0 0.957148 0.024236 0.016016 0.048472
0 0.887383 0.070875 0.027297 0.116833
0 0.851426 0.067472 0.021523 0.101972
0 0.835027 0.066486 0.021070 0.097556
0 0.732844 0.108583 0.019500 0.128500
0 0.740672 0.042069 0.021578 0.084139
0 0.690941 0.053083 0.019617 0.094500
0 0.673219 0.077764 0.014813 0.070361
0 0.579918 0.096479 0.021961 0.096236
0 0.639516 0.175569 0.026906 0.126667
0 0.620895 0.196424 0.020383 0.124236
0 0.527594 0.164521 0.029938 0.129181
0 0.497758 0.232167 0.030813 0.125583
0 0.477957 0.138049 0.020023 0.115792
0 0.482586 0.038465 0.017625 0.076931
0 0.453785 0.123521 0.021367 0.123097
0 0.429984 0.128597 0.026750 0.116056
0 0.387578 0.046410 0.024766 0.089125
0 0.410039 0.022507 0.030234 0.045014
0 0.384848 0.277993 0.028445 0.135458
0 0.312910 0.321500 0.031273 0.127861
0 0.310473 0.235146 0.024477 0.083264
0 0.204270 0.072424 0.026852 0.105514
0 0.192000 0.018729 0.022594 0.037458
0 0.125391 0.086063 0.028359 0.107625
0 0.062691 0.176625 0.025383 0.110889
0 0.091844 0.021528 0.017797 0.043056
0 0.982781 0.717097 0.034437 0.178639
0 0.994383 0.139715 0.011234 0.085736
0 0.047578 0.830229 0.054813 0.172597
0 0.150520 0.488875 0.037055 0.149861
0 0.194281 0.526736 0.029516 0.135417
0 0.217227 0.547861 0.038781 0.148333
0 0.230254 0.508354 0.028273 0.110431
0 0.254156 0.535451 0.029516 0.122236
0 0.369617 0.664799 0.038063 0.171181
0 0.411379 0.478681 0.033539 0.150111
0 0.611777 0.520486 0.038414 0.130167
0 0.621070 0.928243 0.052234 0.143514
0 0.757828 0.738299 0.060078 0.169458
0 0.785617 0.524132 0.039734 0.151542
0 0.775984 0.375479 0.034359 0.143792
0 0.895734 0.211181 0.035813 0.130361
0 0.950113 0.202660 0.030617 0.120014
0 0.915203 0.135875 0.029656 0.119806
0 0.957148 0.024236 0.016016 0.048472
0 0.887383 0.070875 0.027297 0.116833
0 0.851426 0.067472 0.021523 0.101972
0 0.835027 0.066486 0.021070 0.097556
0 0.732844 0.108583 0.019500 0.128500
0 0.740672 0.042069 0.021578 0.084139
0 0.690941 0.053083 0.019617 0.094500
0 0.673219 0.077764 0.014813 0.070361
0 0.579918 0.096479 0.021961 0.096236
0 0.639516 0.175569 0.026906 0.126667
0 0.620895 0.196424 0.020383 0.124236
0 0.527594 0.164521 0.029938 0.129181
0 0.497758 0.232167 0.030813 0.125583
0 0.477957 0.138049 0.020023 0.115792
0 0.482586 0.038465 0.017625 0.076931
0 0.453785 0.123521 0.021367 0.123097
0 0.429984 0.128597 0.026750 0.116056
0 0.387578 0.046410 0.024766 0.089125
0 0.410039 0.022507 0.030234 0.045014
0 0.384848 0.277993 0.028445 0.135458
0 0.312910 0.321500 0.031273 0.127861
0 0.310473 0.235146 0.024477 0.083264
0 0.204270 0.072424 0.026852 0.105514
0 0.192000 0.018729 0.022594 0.037458
0 0.125391 0.086063 0.028359 0.107625
0 0.062691 0.176625 0.025383 0.110889
0 0.091844 0.021528 0.017797 0.043056
0 0.982781 0.717097 0.034437 0.178639
0 0.994383 0.139715 0.011234 0.085736
