0 0.067992 0.844500 0.059578 0.162278
0 0.141305 0.552861 0.036141 0.161556
0 0.192762 0.520250 0.033008 0.138167
0 0.216004 0.539792 0.035961 0.146250
0 0.226230 0.501257 0.030914 0.112486
0 0.251406 0.529181 0.028750 0.121083
0 0.369254 0.589042 0.036148 0.176083
0 0.408301 0.422937 0.029773 0.147458
0 0.613539 0.469931 0.034484 0.129250
0 0.604027 0.834375 0.047352 0.166528
0 0.712938 0.737340 0.062437 0.158125
0 0.801086 0.586875 0.042797 0.167917
0 0.791539 0.440000 0.038281 0.156667
0 0.905562 0.237583 0.038125 0.132389
0 0.955680 0.226243 0.028703 0.119792
0 0.920375 0.146681 0.029625 0.090028
0 0.953820 0.020528 0.015359 0.041056
0 0.888617 0.085437 0.028516 0.118014
0 0.857238 0.070076 0.019945 0.104569
0 0.838148 0.070597 0.017953 0.097472
0 0.730230 0.103826 0.018570 0.121069
0 0.732789 0.032472 0.026438 0.064667
0 0.686633 0.046736 0.019953 0.093472
0 0.666488 0.074764 0.016914 0.066333
0 0.579535 0.113222 0.023227 0.095500
0 0.637316 0.143118 0.023773 0.124708
0 0.621238 0.160104 0.025789 0.120347
0 0.528582 0.188667 0.030727 0.132944
0 0.497824 0.256292 0.029898 0.126778
0 0.485863 0.109722 0.018352 0.109528
0 0.484828 0.035278 0.019891 0.070556
0 0.451883 0.113486 0.021797 0.121806
0 0.423336 0.114854 0.018797 0.123069
0 0.388871 0.032674 0.023773 0.065347
0 0.442727 0.020444 0.030141 0.040889
0 0.378832 0.235208 0.030789 0.132194
0 0.312352 0.346292 0.033766 0.131306
0 0.312047 0.257361 0.025859 0.087222
0 0.215438 0.048611 0.023656 0.097222
0 0.155449 0.058792 0.036289 0.107250
0 0.059246 0.170278 0.025883 0.110000
0 0.965777 0.637625 0.047586 0.163083
0 0.992727 0.149493 0.014547 0.093736
0 0.067992 0.844500 0.059578 0.162278
0 0.141305 0.552861 0.036141 0.161556
0 0.192762 0.520250 0.033008 0.138167
0 0.216004 0.539792 0.035961 0.146250
0 0.226230 0.501257 0.030914 0.112486
0 0.251406 0.529181 0.028750 0.121083
0 0.369254 0.589042 0.036148 0.176083
0 0.408301 0.422937 0.029773 0.147458
0 0.613539 0.469931 0.034484 0.129250
0 0.604027 0.834375 0.047352 0.166528
0 0.712938 0.737340 0.062437 0.158125
0 0.801086 0.586875 0.042797 0.167917
0 0.791539 0.440000 0.038281 0.156667
0 0.905562 0.237583 0.038125 0.132389
0 0.955680 0.226243 0.028703 0.119792
0 0.920375 0.146681 0.029625 0.090028
0 0.953820 0.020528 0.015359 0.041056
0 0.888617 0.085437 0.028516 0.118014
0 0.857238 0.070076 0.019945 0.104569
0 0.838148 0.070597 0.017953 0.097472
0 0.730230 0.103826 0.018570 0.121069
0 0.732789 0.032472 0.026438 0.064667
0 0.686633 0.046736 0.019953 0.093472
0 0.666488 0.074764 0.016914 0.066333
0 0.579535 0.113222 0.023227 0.095500
0 0.637316 0.143118 0.023773 0.124708
0 0.621238 0.160104 0.025789 0.120347
0 0.528582 0.188667 0.030727 0.132944
0 0.497824 0.256292 0.029898 0.126778
0 0.485863 0.109722 0.018352 0.109528
0 0.484828 0.035278 0.019891 0.070556
0 0.451883 0.113486 0.021797 0.121806
0 0.423336 0.114854 0.018797 0.123069
0 0.388871 0.032674 0.023773 0.065347
0 0.442727 0.020444 0.030141 0.040889
0 0.378832 0.235208 0.030789 0.132194
0 0.312352 0.346292 0.033766 0.131306
0 0.312047 0.257361 0.025859 0.087222
0 0.215438 0.048611 0.023656 0.097222
0 0.155449 0.058792 0.036289 0.107250
0 0.059246 0.170278 0.025883 0.110000
0 0.965777 0.637625 0.047586 0.163083
0 0.992727 0.149493 0.014547 0.093736
