0 0.068965 0.845444 0.056836 0.162278
0 0.140105 0.564681 0.037133 0.168417
0 0.192113 0.519340 0.032336 0.138819
0 0.215465 0.539389 0.036570 0.146250
0 0.225043 0.500431 0.031320 0.112472
0 0.251406 0.529181 0.028750 0.121083
0 0.368914 0.578819 0.037484 0.176806
0 0.408695 0.418049 0.029172 0.150569
0 0.613195 0.465951 0.035641 0.132542
0 0.602164 0.829451 0.047703 0.179986
0 0.709398 0.735687 0.056203 0.158125
0 0.802996 0.598306 0.041977 0.168389
0 0.794621 0.442313 0.037680 0.150375
0 0.906129 0.239354 0.040383 0.129347
0 0.957309 0.226778 0.029617 0.117833
0 0.920641 0.151424 0.029875 0.088542
0 0.953570 0.019861 0.014734 0.039722
0 0.888695 0.091076 0.028016 0.120903
0 0.857523 0.071285 0.020047 0.102986
0 0.838508 0.070187 0.018578 0.095458
0 0.730129 0.103292 0.018570 0.121056
0 0.731086 0.031903 0.025953 0.063139
0 0.686063 0.046736 0.018813 0.093472
0 0.665680 0.074361 0.016047 0.066333
0 0.580613 0.119042 0.022477 0.100806
0 0.635855 0.138812 0.023773 0.124708
0 0.620715 0.151979 0.025492 0.117708
0 0.528941 0.189611 0.031633 0.128944
0 0.497961 0.258590 0.030453 0.124486
0 0.487414 0.103847 0.018734 0.107417
0 0.484883 0.033681 0.019891 0.067361
0 0.451602 0.112785 0.021797 0.121819
0 0.423008 0.112444 0.019453 0.122056
0 0.389012 0.030278 0.022555 0.060556
0 0.449125 0.019542 0.018250 0.039083
0 0.378844 0.224688 0.029609 0.126736
0 0.313434 0.353687 0.035477 0.134014
0 0.311750 0.261576 0.026031 0.088792
0 0.216328 0.045903 0.020938 0.091806
0 0.158527 0.056542 0.032789 0.107750
0 0.059062 0.170278 0.026250 0.110000
0 0.957223 0.633278 0.055539 0.171778
0 0.992539 0.154014 0.014922 0.099194
0 0.068965 0.845444 0.056836 0.162278
0 0.140105 0.564681 0.037133 0.168417
0 0.192113 0.519340 0.032336 0.138819
0 0.215465 0.539389 0.036570 0.146250
0 0.225043 0.500431 0.031320 0.112472
0 0.251406 0.529181 0.028750 0.121083
0 0.368914 0.578819 0.037484 0.176806
0 0.408695 0.418049 0.029172 0.150569
0 0.613195 0.465951 0.035641 0.132542
0 0.602164 0.829451 0.047703 0.179986
0 0.709398 0.735687 0.056203 0.158125
0 0.802996 0.598306 0.041977 0.168389
0 0.794621 0.442313 0.037680 0.150375
0 0.906129 0.239354 0.040383 0.129347
0 0.957309 0.226778 0.029617 0.117833
0 0.920641 0.151424 0.029875 0.088542
0 0.953570 0.019861 0.014734 0.039722
0 0.888695 0.091076 0.028016 0.120903
0 0.857523 0.071285 0.020047 0.102986
0 0.838508 0.070187 0.018578 0.095458
0 0.730129 0.103292 0.018570 0.121056
0 0.731086 0.031903 0.025953 0.063139
0 0.686063 0.046736 0.018813 0.093472
0 0.665680 0.074361 0.016047 0.066333
0 0.580613 0.119042 0.022477 0.100806
0 0.635855 0.138812 0.023773 0.124708
0 0.620715 0.151979 0.025492 0.117708
0 0.528941 0.189611 0.031633 0.128944
0 0.497961 0.258590 0.030453 0.124486
0 0.487414 0.103847 0.018734 0.107417
0 0.484883 0.033681 0.019891 0.067361
0 0.451602 0.112785 0.021797 0.121819
0 0.423008 0.112444 0.019453 0.122056
0 0.389012 0.030278 0.022555 0.060556
0 0.449125 0.019542 0.018250 0.039083
0 0.378844 0.224688 0.029609 0.126736
0 0.313434 0.353687 0.035477 0.134014
0 0.311750 0.261576 0.026031 0.088792
0 0.216328 0.045903 0.020938 0.091806
0 0.158527 0.056542 0.032789 0.107750
0 0.059062 0.170278 0.026250 0.110000
0 0.957223 0.633278 0.055539 0.171778
0 0.992539 0.154014 0.014922 0.099194
