0 0.046996 0.828965 0.055789 0.173597
0 0.151301 0.488056 0.036711 0.151944
0 0.194125 0.527139 0.029516 0.135417
0 0.217203 0.548306 0.038781 0.148333
0 0.230145 0.508715 0.028273 0.110431
0 0.254133 0.535736 0.029516 0.122222
0 0.369180 0.672083 0.038516 0.175694
0 0.411254 0.483118 0.033992 0.152903
0 0.611773 0.525472 0.038281 0.133000
0 0.620879 0.931146 0.053086 0.137708
0 0.759105 0.738201 0.059852 0.170708
0 0.784984 0.522896 0.040109 0.153542
0 0.775215 0.374674 0.034602 0.145958
0 0.894988 0.208514 0.036320 0.128944
0 0.949906 0.200715 0.030437 0.120347
0 0.914484 0.131438 0.029969 0.113042
0 0.957148 0.024236 0.016016 0.048472
0 0.886824 0.070882 0.027133 0.117625
0 0.851191 0.067201 0.021305 0.101931
0 0.834645 0.066757 0.020867 0.098097
0 0.732844 0.108583 0.019500 0.128500
0 0.740504 0.042069 0.021242 0.084139
0 0.691059 0.053306 0.019445 0.094500
0 0.673500 0.078125 0.014812 0.070361
0 0.579762 0.094778 0.021867 0.095778
0 0.639609 0.177306 0.026906 0.126667
0 0.620480 0.197451 0.021258 0.123403
0 0.527383 0.162556 0.030156 0.127972
0 0.497867 0.229715 0.030500 0.125125
0 0.477461 0.138958 0.020641 0.115556
0 0.482117 0.038590 0.017625 0.077181
0 0.454027 0.123993 0.021367 0.122569
0 0.429668 0.129500 0.026445 0.116389
0 0.387715 0.048875 0.025195 0.090389
0 0.407734 0.023062 0.028594 0.046125
0 0.384574 0.281181 0.029164 0.136333
0 0.312551 0.320326 0.031117 0.127458
0 0.310180 0.233486 0.024531 0.083222
0 0.202656 0.072944 0.025000 0.105389
0 0.191344 0.019396 0.022375 0.038792
0 0.124508 0.088743 0.029891 0.108653
0 0.062582 0.177104 0.025383 0.110875
0 0.091043 0.022500 0.018852 0.045000
0 0.982781 0.740403 0.034437 0.146889
0 0.994277 0.139187 0.011445 0.086792
0 0.046996 0.828965 0.055789 0.173597
0 0.151301 0.488056 0.036711 0.151944
0 0.194125 0.527139 0.029516 0.135417
0 0.217203 0.548306 0.038781 0.148333
0 0.230145 0.508715 0.028273 0.110431
0 0.254133 0.535736 0.029516 0.122222
0 0.369180 0.672083 0.038516 0.175694
0 0.411254 0.483118 0.033992 0.152903
0 0.611773 0.525472 0.038281 0.133000
0 0.620879 0.931146 0.053086 0.137708
0 0.759105 0.738201 0.059852 0.170708
0 0.784984 0.522896 0.040109 0.153542
0 0.775215 0.374674 0.034602 0.145958
0 0.894988 0.208514 0.036320 0.128944
0 0.949906 0.200715 0.030437 0.120347
0 0.914484 0.131438 0.029969 0.113042
0 0.957148 0.024236 0.016016 0.048472
0 0.886824 0.070882 0.027133 0.117625
0 0.851191 0.067201 0.021305 0.101931
0 0.834645 0.066757 0.020867 0.098097
0 0.732844 0.108583 0.019500 0.128500
0 0.740504 0.042069 0.021242 0.084139
0 0.691059 0.053306 0.019445 0.094500
0 0.673500 0.078125 0.014812 0.070361
0 0.579762 0.094778 0.021867 0.095778
0 0.639609 0.177306 0.026906 0.126667
0 0.620480 0.197451 0.021258 0.123403
0 0.527383 0.162556 0.030156 0.127972
0 0.497867 0.229715 0.030500 0.125125
0 0.477461 0.138958 0.020641 0.115556
0 0.482117 0.038590 0.017625 0.077181
0 0.454027 0.123993 0.021367 0.122569
0 0.429668 0.129500 0.026445 0.116389
0 0.387715 0.048875 0.025195 0.090389
0 0.407734 0.023062 0.028594 0.046125
0 0.384574 0.281181 0.029164 0.136333
0 0.312551 0.320326 0.031117 0.127458
0 0.310180 0.233486 0.024531 0.083222
0 0.202656 0.072944 0.025000 0.105389
0 0.191344 0.019396 0.022375 0.038792
0 0.124508 0.088743 0.029891 0.108653
0 0.062582 0.177104 0.025383 0.110875
0 0.091043 0.022500 0.018852 0.045000
0 0.982781 0.740403 0.034437 0.146889
0 0.994277 0.139187 0.011445 0.086792
