0 0.048160 0.831500 0.053820 0.171611
0 0.149742 0.489701 0.037391 0.147764
0 0.194437 0.526333 0.029516 0.135417
0 0.217250 0.547424 0.038781 0.148319
0 0.230371 0.507993 0.028273 0.110431
0 0.254176 0.535174 0.029508 0.122236
0 0.370059 0.657500 0.037617 0.166667
0 0.411504 0.474243 0.033086 0.147347
0 0.611773 0.515507 0.038547 0.127319
0 0.621262 0.925333 0.051383 0.149333
0 0.756559 0.738396 0.060305 0.168208
0 0.786250 0.525368 0.039375 0.149542
0 0.776746 0.376271 0.034117 0.141625
0 0.896477 0.213847 0.035297 0.131750
0 0.950324 0.204597 0.030805 0.119694
0 0.915926 0.140319 0.029352 0.126583
0 0.957148 0.024236 0.016016 0.048472
0 0.887945 0.070868 0.027453 0.116042
0 0.851656 0.067743 0.021750 0.102014
0 0.835406 0.066215 0.021281 0.097014
0 0.732844 0.108583 0.019500 0.128500
0 0.740840 0.042069 0.021914 0.084139
0 0.690828 0.052861 0.019781 0.094500
0 0.672937 0.077403 0.014813 0.070361
0 0.580070 0.098181 0.022047 0.096694
0 0.639422 0.173833 0.026906 0.126667
0 0.621309 0.195389 0.019492 0.125056
0 0.527801 0.166486 0.029711 0.130361
0 0.497648 0.234625 0.031109 0.126028
0 0.478453 0.137125 0.019406 0.116028
0 0.483055 0.038340 0.017625 0.076681
0 0.453539 0.123049 0.021359 0.123625
0 0.430305 0.127694 0.027047 0.115722
0 0.387437 0.043938 0.024344 0.087875
0 0.411406 0.021944 0.030156 0.043889
0 0.385117 0.274792 0.027734 0.134583
0 0.313270 0.322667 0.031430 0.128278
0 0.310758 0.236806 0.024422 0.083333
0 0.205883 0.071903 0.028703 0.105639
0 0.192656 0.018063 0.022812 0.036125
0 0.126270 0.083382 0.026836 0.106569
0 0.062797 0.176146 0.025375 0.110875
0 0.092648 0.020556 0.016734 0.041111
0 0.982781 0.710882 0.034437 0.176208
0 0.994492 0.140250 0.011016 0.084667
0 0.048160 0.831500 0.053820 0.171611
0 0.149742 0.489701 0.037391 0.147764
0 0.194437 0.526333 0.029516 0.135417
0 0.217250 0.547424 0.038781 0.148319
0 0.230371 0.507993 0.028273 0.110431
0 0.254176 0.535174 0.029508 0.122236
0 0.370059 0.657500 0.037617 0.166667
0 0.411504 0.474243 0.033086 0.147347
0 0.611773 0.515507 0.038547 0.127319
0 0.621262 0.925333 0.051383 0.149333
0 0.756559 0.738396 0.060305 0.168208
0 0.786250 0.525368 0.039375 0.149542
0 0.776746 0.376271 0.034117 0.141625
0 0.896477 0.213847 0.035297 0.131750
0 0.950324 0.204597 0.030805 0.119694
0 0.915926 0.140319 0.029352 0.126583
0 0.957148 0.024236 0.016016 0.048472
0 0.887945 0.070868 0.027453 0.116042
0 0.851656 0.067743 0.021750 0.102014
0 0.835406 0.066215 0.021281 0.097014
0 0.732844 0.108583 0.019500 0.128500
0 0.740840 0.042069 0.021914 0.084139
0 0.690828 0.052861 0.019781 0.094500
0 0.672937 0.077403 0.014813 0.070361
0 0.580070 0.098181 0.022047 0.096694
0 0.639422 0.173833 0.026906 0.126667
0 0.621309 0.195389 0.019492 0.125056
0 0.527801 0.166486 0.029711 0.130361
0 0.497648 0.234625 0.031109 0.126028
0 0.478453 0.137125 0.019406 0.116028
0 0.483055 0.038340 0.017625 0.076681
0 0.453539 0.123049 0.021359 0.123625
0 0.430305 0.127694 0.027047 0.115722
0 0.387437 0.043938 0.024344 0.087875
0 0.411406 0.021944 0.030156 0.043889
0 0.385117 0.274792 0.027734 0.134583
0 0.313270 0.322667 0.031430 0.128278
0 0.310758 0.236806 0.024422 0.083333
0 0.205883 0.071903 0.028703 0.105639
0 0.192656 0.018063 0.022812 0.036125
0 0.126270 0.083382 0.026836 0.106569
0 0.062797 0.176146 0.025375 0.110875
0 0.092648 0.020556 0.016734 0.041111
0 0.982781 0.710882 0.034437 0.176208
0 0.994492 0.140250 0.011016 0.084667
