0 0.051781 0.832194 0.055813 0.162000
0 0.148977 0.515090 0.041422 0.158986
0 0.194996 0.524951 0.030633 0.138153
0 0.219020 0.545222 0.036477 0.148333
0 0.231352 0.505674 0.026672 0.110875
0 0.253812 0.533118 0.028781 0.123208
0 0.370441 0.644840 0.039945 0.181431
0 0.409590 0.463000 0.028633 0.151778
0 0.613836 0.505771 0.034984 0.134569
0 0.617004 0.906028 0.049586 0.174889
0 0.749590 0.740174 0.053789 0.162986
0 0.790492 0.548014 0.041984 0.163694
0 0.780426 0.400292 0.035398 0.152472
0 0.900984 0.219104 0.035297 0.126236
0 0.952734 0.205493 0.031563 0.116514
0 0.917453 0.137271 0.028969 0.102681
0 0.956953 0.022222 0.016406 0.044444
0 0.889816 0.077993 0.027289 0.122347
0 0.852789 0.066632 0.024953 0.101181
0 0.838375 0.068646 0.017688 0.101319
0 0.731961 0.106056 0.017047 0.124000
0 0.740508 0.040833 0.024766 0.081667
0 0.689422 0.050208 0.019781 0.094500
0 0.671297 0.078514 0.014813 0.070361
0 0.580258 0.100514 0.022047 0.096694
0 0.638711 0.166854 0.025687 0.128514
0 0.622637 0.178972 0.026211 0.116222
0 0.528773 0.171451 0.030203 0.129319
0 0.496789 0.237542 0.028891 0.123528
0 0.481273 0.124931 0.018641 0.112639
0 0.483055 0.037292 0.017625 0.074583
0 0.453539 0.120382 0.021359 0.123625
0 0.428195 0.124181 0.020953 0.118028
0 0.388633 0.042479 0.027422 0.084958
0 0.416156 0.022708 0.023781 0.045417
0 0.385625 0.268403 0.030000 0.138750
0 0.313215 0.329646 0.030758 0.129875
0 0.311852 0.242083 0.024422 0.083333
0 0.208930 0.065375 0.025578 0.108139
0 0.194648 0.015972 0.020078 0.031944
0 0.135996 0.078937 0.029727 0.109069
0 0.061461 0.174035 0.025984 0.108319
0 0.982422 0.688250 0.035156 0.175444
0 0.994492 0.141347 0.011016 0.083972
0 0.051781 0.832194 0.055813 0.162000
0 0.148977 0.515090 0.041422 0.158986
0 0.194996 0.524951 0.030633 0.138153
0 0.219020 0.545222 0.036477 0.148333
0 0.231352 0.505674 0.026672 0.110875
0 0.253812 0.533118 0.028781 0.123208
0 0.370441 0.644840 0.039945 0.181431
0 0.409590 0.463000 0.028633 0.151778
0 0.613836 0.505771 0.034984 0.134569
0 0.617004 0.906028 0.049586 0.174889
0 0.749590 0.740174 0.053789 0.162986
0 0.790492 0.548014 0.041984 0.163694
0 0.780426 0.400292 0.035398 0.152472
0 0.900984 0.219104 0.035297 0.126236
0 0.952734 0.205493 0.031563 0.116514
0 0.917453 0.137271 0.028969 0.102681
0 0.956953 0.022222 0.016406 0.044444
0 0.889816 0.077993 0.027289 0.122347
0 0.852789 0.066632 0.024953 0.101181
0 0.838375 0.068646 0.017688 0.101319
0 0.731961 0.106056 0.017047 0.124000
0 0.740508 0.040833 0.024766 0.081667
0 0.689422 0.050208 0.019781 0.094500
0 0.671297 0.078514 0.014813 0.070361
0 0.580258 0.100514 0.022047 0.096694
0 0.638711 0.166854 0.025687 0.128514
0 0.622637 0.178972 0.026211 0.116222
0 0.528773 0.171451 0.030203 0.129319
0 0.496789 0.237542 0.028891 0.123528
0 0.481273 0.124931 0.018641 0.112639
0 0.483055 0.037292 0.017625 0.074583
0 0.453539 0.120382 0.021359 0.123625
0 0.428195 0.124181 0.020953 0.118028
0 0.388633 0.042479 0.027422 0.084958
0 0.416156 0.022708 0.023781 0.045417
0 0.385625 0.268403 0.030000 0.138750
0 0.313215 0.329646 0.030758 0.129875
0 0.311852 0.242083 0.024422 0.083333
0 0.208930 0.065375 0.025578 0.108139
0 0.194648 0.015972 0.020078 0.031944
0 0.135996 0.078937 0.029727 0.109069
0 0.061461 0.174035 0.025984 0.108319
0 0.982422 0.688250 0.035156 0.175444
0 0.994492 0.141347 0.011016 0.083972
