0 0.051059 0.832049 0.055414 0.163931
0 0.149129 0.510014 0.040617 0.156750
0 0.194883 0.525229 0.030406 0.137597
0 0.218664 0.545667 0.036937 0.148333
0 0.231156 0.506139 0.026984 0.110778
0 0.253887 0.533535 0.028930 0.123014
0 0.370363 0.647368 0.039477 0.178486
0 0.410121 0.464208 0.029523 0.150194
0 0.613426 0.507722 0.035695 0.133111
0 0.618324 0.909993 0.050227 0.173486
0 0.750738 0.739819 0.055586 0.164028
0 0.789645 0.542778 0.041461 0.159444
0 0.779672 0.396924 0.035187 0.153181
0 0.900082 0.218458 0.035305 0.128167
0 0.952250 0.205312 0.031406 0.117153
0 0.917148 0.137910 0.029047 0.107514
0 0.956992 0.022625 0.016328 0.045250
0 0.889441 0.076049 0.027320 0.120042
0 0.852563 0.066854 0.024312 0.101347
0 0.837781 0.068160 0.018406 0.100458
0 0.732137 0.106562 0.017539 0.124903
0 0.740723 0.041083 0.023898 0.082167
0 0.689703 0.050736 0.019781 0.094500
0 0.671625 0.078292 0.014812 0.070361
0 0.580547 0.100354 0.021391 0.097319
0 0.638852 0.168250 0.025938 0.128139
0 0.622703 0.181396 0.025531 0.117764
0 0.528578 0.170458 0.030109 0.129528
0 0.496961 0.236958 0.029328 0.124028
0 0.480711 0.127368 0.018797 0.113319
0 0.483055 0.038264 0.017625 0.076528
0 0.453539 0.120917 0.021359 0.123611
0 0.428617 0.124889 0.022172 0.117556
0 0.388395 0.042771 0.026805 0.085542
0 0.413555 0.022556 0.028359 0.045111
0 0.385523 0.269681 0.029547 0.137917
0 0.313227 0.328250 0.030891 0.129556
0 0.311633 0.241028 0.024422 0.083333
0 0.208574 0.066681 0.026711 0.107639
0 0.194250 0.016389 0.020625 0.032778
0 0.134313 0.079826 0.028984 0.108569
0 0.061727 0.174458 0.025859 0.108833
0 0.094719 0.016806 0.010094 0.033611
0 0.982492 0.690479 0.035016 0.170986
0 0.994492 0.138972 0.011016 0.081500
0 0.051059 0.832049 0.055414 0.163931
0 0.149129 0.510014 0.040617 0.156750
0 0.194883 0.525229 0.030406 0.137597
0 0.218664 0.545667 0.036937 0.148333
0 0.231156 0.506139 0.026984 0.110778
0 0.253887 0.533535 0.028930 0.123014
0 0.370363 0.647368 0.039477 0.178486
0 0.410121 0.464208 0.029523 0.150194
0 0.613426 0.507722 0.035695 0.133111
0 0.618324 0.909993 0.050227 0.173486
0 0.750738 0.739819 0.055586 0.164028
0 0.789645 0.542778 0.041461 0.159444
0 0.779672 0.396924 0.035187 0.153181
0 0.900082 0.218458 0.035305 0.128167
0 0.952250 0.205312 0.031406 0.117153
0 0.917148 0.137910 0.029047 0.107514
0 0.956992 0.022625 0.016328 0.045250
0 0.889441 0.076049 0.027320 0.120042
0 0.852563 0.066854 0.024312 0.101347
0 0.837781 0.068160 0.018406 0.100458
0 0.732137 0.106562 0.017539 0.124903
0 0.740723 0.041083 0.023898 0.082167
0 0.689703 0.050736 0.019781 0.094500
0 0.671625 0.078292 0.014812 0.070361
0 0.580547 0.100354 0.021391 0.097319
0 0.638852 0.168250 0.025938 0.128139
0 0.622703 0.181396 0.025531 0.117764
0 0.528578 0.170458 0.030109 0.129528
0 0.496961 0.236958 0.029328 0.124028
0 0.480711 0.127368 0.018797 0.113319
0 0.483055 0.038264 0.017625 0.076528
0 0.453539 0.120917 0.021359 0.123611
0 0.428617 0.124889 0.022172 0.117556
0 0.388395 0.042771 0.026805 0.085542
0 0.413555 0.022556 0.028359 0.045111
0 0.385523 0.269681 0.029547 0.137917
0 0.313227 0.328250 0.030891 0.129556
0 0.311633 0.241028 0.024422 0.083333
0 0.208574 0.066681 0.026711 0.107639
0 0.194250 0.016389 0.020625 0.032778
0 0.134313 0.079826 0.028984 0.108569
0 0.061727 0.174458 0.025859 0.108833
0 0.094719 0.016806 0.010094 0.033611
0 0.982492 0.690479 0.035016 0.170986
0 0.994492 0.138972 0.011016 0.081500
