0 0.049613 0.831771 0.054617 0.167764
0 0.149438 0.499854 0.039000 0.152264
0 0.194660 0.525785 0.029961 0.136514
0 0.217957 0.546542 0.037867 0.148333
0 0.230762 0.507062 0.027633 0.110597
0 0.254031 0.534354 0.029219 0.122625
0 0.370211 0.652438 0.038547 0.172569
0 0.411184 0.466632 0.031305 0.147014
0 0.612602 0.511611 0.037125 0.130222
0 0.620187 0.917750 0.051031 0.164500
0 0.753027 0.739104 0.059180 0.166125
0 0.787945 0.530222 0.040422 0.146778
0 0.778160 0.390201 0.034758 0.154597
0 0.898281 0.217188 0.035297 0.132014
0 0.951285 0.204951 0.031102 0.118431
0 0.916535 0.143493 0.029195 0.125792
0 0.957070 0.023431 0.016172 0.046861
0 0.888691 0.072153 0.027383 0.115417
0 0.852109 0.067299 0.023031 0.101681
0 0.836594 0.067187 0.019844 0.098736
0 0.732492 0.107569 0.018516 0.126694
0 0.741156 0.041576 0.022156 0.083153
0 0.690266 0.051799 0.019781 0.094514
0 0.672281 0.077847 0.014813 0.070361
0 0.580145 0.100035 0.022055 0.098542
0 0.639137 0.171042 0.026414 0.127417
0 0.622836 0.188826 0.024172 0.121514
0 0.528188 0.168472 0.029906 0.129944
0 0.497305 0.235792 0.030219 0.125028
0 0.479582 0.132250 0.019102 0.114667
0 0.483055 0.038937 0.017625 0.077875
0 0.453539 0.121979 0.021359 0.123625
0 0.429461 0.126292 0.024609 0.116639
0 0.387918 0.043354 0.025570 0.086708
0 0.413438 0.023125 0.030156 0.046250
0 0.385320 0.272236 0.028641 0.136250
0 0.313250 0.325458 0.031156 0.128917
0 0.311195 0.238917 0.024422 0.083333
0 0.207859 0.069292 0.028969 0.106639
0 0.193453 0.017222 0.021719 0.034444
0 0.130937 0.081604 0.027500 0.107569
0 0.062262 0.175306 0.025617 0.109861
0 0.094027 0.018056 0.012305 0.036111
0 0.982637 0.693889 0.034727 0.166667
0 0.994492 0.139340 0.011016 0.083958
0 0.049613 0.831771 0.054617 0.167764
0 0.149438 0.499854 0.039000 0.152264
0 0.194660 0.525785 0.029961 0.136514
0 0.217957 0.546542 0.037867 0.148333
0 0.230762 0.507062 0.027633 0.110597
0 0.254031 0.534354 0.029219 0.122625
0 0.370211 0.652438 0.038547 0.172569
0 0.411184 0.466632 0.031305 0.147014
0 0.612602 0.511611 0.037125 0.130222
0 0.620187 0.917750 0.051031 0.164500
0 0.753027 0.739104 0.059180 0.166125
0 0.787945 0.530222 0.040422 0.146778
0 0.778160 0.390201 0.034758 0.154597
0 0.898281 0.217188 0.035297 0.132014
0 0.951285 0.204951 0.031102 0.118431
0 0.916535 0.143493 0.029195 0.125792
0 0.957070 0.023431 0.016172 0.046861
0 0.888691 0.072153 0.027383 0.115417
0 0.852109 0.067299 0.023031 0.101681
0 0.836594 0.067187 0.019844 0.098736
0 0.732492 0.107569 0.018516 0.126694
0 0.741156 0.041576 0.022156 0.083153
0 0.690266 0.051799 0.019781 0.094514
0 0.672281 0.077847 0.014813 0.070361
0 0.580145 0.100035 0.022055 0.098542
0 0.639137 0.171042 0.026414 0.127417
0 0.622836 0.188826 0.024172 0.121514
0 0.528188 0.168472 0.029906 0.129944
0 0.497305 0.235792 0.030219 0.125028
0 0.479582 0.132250 0.019102 0.114667
0 0.483055 0.038937 0.017625 0.077875
0 0.453539 0.121979 0.021359 0.123625
0 0.429461 0.126292 0.024609 0.116639
0 0.387918 0.043354 0.025570 0.086708
0 0.413438 0.023125 0.030156 0.046250
0 0.385320 0.272236 0.028641 0.136250
0 0.313250 0.325458 0.031156 0.128917
0 0.311195 0.238917 0.024422 0.083333
0 0.207859 0.069292 0.028969 0.106639
0 0.193453 0.017222 0.021719 0.034444
0 0.130937 0.081604 0.027500 0.107569
0 0.062262 0.175306 0.025617 0.109861
0 0.094027 0.018056 0.012305 0.036111
0 0.982637 0.693889 0.034727 0.166667
0 0.994492 0.139340 0.011016 0.083958
