0 0.045824 0.826431 0.057758 0.175583
0 0.152852 0.486410 0.036031 0.156125
0 0.193809 0.527931 0.029508 0.135417
0 0.217156 0.549181 0.038781 0.148333
0 0.229918 0.509431 0.028273 0.110417
0 0.254086 0.536299 0.029516 0.122236
0 0.368297 0.686667 0.039406 0.184722
0 0.410430 0.492771 0.036062 0.156903
0 0.611773 0.535431 0.038016 0.138694
0 0.620496 0.936951 0.054773 0.126097
0 0.761648 0.738000 0.059406 0.173194
0 0.783715 0.520410 0.040836 0.157542
0 0.772949 0.373083 0.035055 0.150278
0 0.893500 0.203188 0.037359 0.126153
0 0.949488 0.196847 0.030070 0.121000
0 0.913043 0.122549 0.030602 0.099486
0 0.957148 0.024236 0.016016 0.048472
0 0.885703 0.070896 0.026812 0.119208
0 0.850727 0.066660 0.020859 0.101847
0 0.833883 0.067299 0.020453 0.099181
0 0.732844 0.108583 0.019500 0.128500
0 0.740172 0.042069 0.020578 0.084139
0 0.691289 0.053750 0.019109 0.094500
0 0.674063 0.078847 0.014812 0.070361
0 0.579453 0.091375 0.021687 0.094861
0 0.639797 0.180764 0.026906 0.126667
0 0.619652 0.199514 0.023023 0.121778
0 0.526973 0.158632 0.030602 0.125597
0 0.498086 0.224806 0.029891 0.124250
0 0.476465 0.140792 0.021883 0.115083
0 0.481180 0.038840 0.017625 0.077681
0 0.454516 0.124931 0.021375 0.121528
0 0.429031 0.131306 0.025844 0.117056
0 0.387996 0.053819 0.026055 0.092917
0 0.402617 0.024181 0.020547 0.048361
0 0.384035 0.287583 0.030602 0.138083
0 0.311832 0.317993 0.030805 0.126653
0 0.309598 0.230160 0.024648 0.083097
0 0.200137 0.077035 0.023633 0.105125
0 0.190031 0.020729 0.021937 0.041458
0 0.122746 0.094111 0.032945 0.110750
0 0.062367 0.178056 0.025375 0.110889
0 0.089441 0.024444 0.020977 0.048889
0 0.994059 0.138118 0.011883 0.088931
0 0.045824 0.826431 0.057758 0.175583
0 0.152852 0.486410 0.036031 0.156125
0 0.193809 0.527931 0.029508 0.135417
0 0.217156 0.549181 0.038781 0.148333
0 0.229918 0.509431 0.028273 0.110417
0 0.254086 0.536299 0.029516 0.122236
0 0.368297 0.686667 0.039406 0.184722
0 0.410430 0.492771 0.036062 0.156903
0 0.611773 0.535431 0.038016 0.138694
0 0.620496 0.936951 0.054773 0.126097
0 0.761648 0.738000 0.059406 0.173194
0 0.783715 0.520410 0.040836 0.157542
0 0.772949 0.373083 0.035055 0.150278
0 0.893500 0.203188 0.037359 0.126153
0 0.949488 0.196847 0.030070 0.121000
0 0.913043 0.122549 0.030602 0.099486
0 0.957148 0.024236 0.016016 0.048472
0 0.885703 0.070896 0.026812 0.119208
0 0.850727 0.066660 0.020859 0.101847
0 0.833883 0.067299 0.020453 0.099181
0 0.732844 0.108583 0.019500 0.128500
0 0.740172 0.042069 0.020578 0.084139
0 0.691289 0.053750 0.019109 0.094500
0 0.674063 0.078847 0.014812 0.070361
0 0.579453 0.091375 0.021687 0.094861
0 0.639797 0.180764 0.026906 0.126667
0 0.619652 0.199514 0.023023 0.121778
0 0.526973 0.158632 0.030602 0.125597
0 0.498086 0.224806 0.029891 0.124250
0 0.476465 0.140792 0.021883 0.115083
0 0.481180 0.038840 0.017625 0.077681
0 0.454516 0.124931 0.021375 0.121528
0 0.429031 0.131306 0.025844 0.117056
0 0.387996 0.053819 0.026055 0.092917
0 0.402617 0.024181 0.020547 0.048361
0 0.384035 0.287583 0.030602 0.138083
0 0.311832 0.317993 0.030805 0.126653
0 0.309598 0.230160 0.024648 0.083097
0 0.200137 0.077035 0.023633 0.105125
0 0.190031 0.020729 0.021937 0.041458
0 0.122746 0.094111 0.032945 0.110750
0 0.062367 0.178056 0.025375 0.110889
0 0.089441 0.024444 0.020977 0.048889
0 0.994059 0.138118 0.011883 0.088931
