0 0.064730 0.837493 0.068977 0.157014
0 0.145652 0.527854 0.039008 0.154847
0 0.193758 0.522951 0.032328 0.137542
0 0.217246 0.542097 0.035039 0.147750
0 0.228703 0.503000 0.030609 0.111194
0 0.251832 0.531319 0.028773 0.122778
0 0.369621 0.611938 0.037102 0.174181
0 0.408230 0.440528 0.028945 0.145861
0 0.614949 0.486674 0.033727 0.133042
0 0.609754 0.889903 0.047273 0.203250
0 0.739594 0.739160 0.041531 0.159236
0 0.795691 0.562785 0.040992 0.156792
0 0.786664 0.409049 0.036266 0.141903
0 0.904152 0.230778 0.036305 0.138167
0 0.954762 0.219965 0.029055 0.121597
0 0.919191 0.136799 0.030195 0.093347
0 0.954734 0.021083 0.015781 0.042167
0 0.889066 0.082465 0.028852 0.119014
0 0.854734 0.065340 0.024125 0.099319
0 0.838281 0.071090 0.017656 0.100819
0 0.730879 0.105681 0.018852 0.123417
0 0.736793 0.038854 0.025164 0.077708
0 0.687371 0.047931 0.020711 0.094861
0 0.668242 0.077083 0.017047 0.066222
0 0.578758 0.109535 0.025109 0.100653
0 0.638676 0.149778 0.025305 0.121361
0 0.622766 0.173042 0.027594 0.122111
0 0.528344 0.174125 0.030125 0.123139
0 0.496152 0.250729 0.029023 0.131736
0 0.483703 0.119917 0.018094 0.113889
0 0.483301 0.041097 0.018664 0.082194
0 0.452492 0.116611 0.021453 0.120722
0 0.424766 0.120417 0.018938 0.120722
0 0.390164 0.034715 0.026859 0.069431
0 0.432445 0.021319 0.027297 0.042639
0 0.382730 0.246076 0.028258 0.130125
0 0.312113 0.340465 0.031133 0.133792
0 0.312371 0.249410 0.025305 0.089347
0 0.210914 0.051083 0.021766 0.102167
0 0.198352 0.013472 0.015328 0.026944
0 0.142820 0.066028 0.026078 0.107750
0 0.060145 0.172250 0.025211 0.109167
0 0.976484 0.673194 0.047031 0.181944
0 0.993352 0.147375 0.013297 0.091861
0 0.064730 0.837493 0.068977 0.157014
0 0.145652 0.527854 0.039008 0.154847
0 0.193758 0.522951 0.032328 0.137542
0 0.217246 0.542097 0.035039 0.147750
0 0.228703 0.503000 0.030609 0.111194
0 0.251832 0.531319 0.028773 0.122778
0 0.369621 0.611938 0.037102 0.174181
0 0.408230 0.440528 0.028945 0.145861
0 0.614949 0.486674 0.033727 0.133042
0 0.609754 0.889903 0.047273 0.203250
0 0.739594 0.739160 0.041531 0.159236
0 0.795691 0.562785 0.040992 0.156792
0 0.786664 0.409049 0.036266 0.141903
0 0.904152 0.230778 0.036305 0.138167
0 0.954762 0.219965 0.029055 0.121597
0 0.919191 0.136799 0.030195 0.093347
0 0.954734 0.021083 0.015781 0.042167
0 0.889066 0.082465 0.028852 0.119014
0 0.854734 0.065340 0.024125 0.099319
0 0.838281 0.071090 0.017656 0.100819
0 0.730879 0.105681 0.018852 0.123417
0 0.736793 0.038854 0.025164 0.077708
0 0.687371 0.047931 0.020711 0.094861
0 0.668242 0.077083 0.017047 0.066222
0 0.578758 0.109535 0.025109 0.100653
0 0.638676 0.149778 0.025305 0.121361
0 0.622766 0.173042 0.027594 0.122111
0 0.528344 0.174125 0.030125 0.123139
0 0.496152 0.250729 0.029023 0.131736
0 0.483703 0.119917 0.018094 0.113889
0 0.483301 0.041097 0.018664 0.082194
0 0.452492 0.116611 0.021453 0.120722
0 0.424766 0.120417 0.018938 0.120722
0 0.390164 0.034715 0.026859 0.069431
0 0.432445 0.021319 0.027297 0.042639
0 0.382730 0.246076 0.028258 0.130125
0 0.312113 0.340465 0.031133 0.133792
0 0.312371 0.249410 0.025305 0.089347
0 0.210914 0.051083 0.021766 0.102167
0 0.198352 0.013472 0.015328 0.026944
0 0.142820 0.066028 0.026078 0.107750
0 0.060145 0.172250 0.025211 0.109167
0 0.976484 0.673194 0.047031 0.181944
0 0.993352 0.147375 0.013297 0.091861
