0 0.069859 0.846535 0.054766 0.158903
0 0.139008 0.567257 0.037766 0.163819
0 0.192062 0.518792 0.032328 0.138806
0 0.214977 0.538882 0.037047 0.146347
0 0.225043 0.500431 0.031320 0.112472
0 0.251406 0.529181 0.028750 0.121083
0 0.370039 0.565000 0.036250 0.170278
0 0.408852 0.410097 0.029172 0.149111
0 0.613258 0.456569 0.035641 0.131750
0 0.601000 0.823694 0.047844 0.185500
0 0.703145 0.737146 0.046680 0.161403
0 0.804973 0.605278 0.042664 0.165278
0 0.796469 0.445778 0.037813 0.143444
0 0.908086 0.249618 0.038734 0.138264
0 0.957973 0.235472 0.030758 0.123500
0 0.920898 0.154965 0.030391 0.093347
0 0.953566 0.019861 0.014555 0.039722
0 0.889332 0.093451 0.028289 0.120597
0 0.857898 0.071819 0.020047 0.102972
0 0.839055 0.072354 0.018984 0.096458
0 0.730066 0.102931 0.018570 0.121056
0 0.730531 0.033722 0.026078 0.067056
0 0.685434 0.046583 0.018805 0.093000
0 0.665230 0.074132 0.016055 0.066986
0 0.581383 0.124653 0.022016 0.100417
0 0.635363 0.133563 0.023773 0.122042
0 0.620551 0.150646 0.024914 0.118042
0 0.529098 0.190507 0.031758 0.125931
0 0.497312 0.267285 0.030453 0.132653
0 0.489813 0.102306 0.021156 0.109889
0 0.485422 0.034208 0.019891 0.068417
0 0.451398 0.112785 0.021641 0.121819
0 0.422992 0.111576 0.020047 0.122236
0 0.389316 0.028403 0.023789 0.056806
0 0.456535 0.020556 0.014898 0.041111
0 0.379098 0.219396 0.028742 0.128514
0 0.314398 0.360410 0.035297 0.136681
0 0.311836 0.264743 0.025922 0.089792
0 0.218203 0.040833 0.022438 0.081667
0 0.160086 0.052347 0.029672 0.101500
0 0.058844 0.169750 0.025813 0.108944
0 0.953387 0.628715 0.054898 0.175069
0 0.992555 0.157910 0.014891 0.100569
0 0.069859 0.846535 0.054766 0.158903
0 0.139008 0.567257 0.037766 0.163819
0 0.192062 0.518792 0.032328 0.138806
0 0.214977 0.538882 0.037047 0.146347
0 0.225043 0.500431 0.031320 0.112472
0 0.251406 0.529181 0.028750 0.121083
0 0.370039 0.565000 0.036250 0.170278
0 0.408852 0.410097 0.029172 0.149111
0 0.613258 0.456569 0.035641 0.131750
0 0.601000 0.823694 0.047844 0.185500
0 0.703145 0.737146 0.046680 0.161403
0 0.804973 0.605278 0.042664 0.165278
0 0.796469 0.445778 0.037813 0.143444
0 0.908086 0.249618 0.038734 0.138264
0 0.957973 0.235472 0.030758 0.123500
0 0.920898 0.154965 0.030391 0.093347
0 0.953566 0.019861 0.014555 0.039722
0 0.889332 0.093451 0.028289 0.120597
0 0.857898 0.071819 0.020047 0.102972
0 0.839055 0.072354 0.018984 0.096458
0 0.730066 0.102931 0.018570 0.121056
0 0.730531 0.033722 0.026078 0.067056
0 0.685434 0.046583 0.018805 0.093000
0 0.665230 0.074132 0.016055 0.066986
0 0.581383 0.124653 0.022016 0.100417
0 0.635363 0.133563 0.023773 0.122042
0 0.620551 0.150646 0.024914 0.118042
0 0.529098 0.190507 0.031758 0.125931
0 0.497312 0.267285 0.030453 0.132653
0 0.489813 0.102306 0.021156 0.109889
0 0.485422 0.034208 0.019891 0.068417
0 0.451398 0.112785 0.021641 0.121819
0 0.422992 0.111576 0.020047 0.122236
0 0.389316 0.028403 0.023789 0.056806
0 0.456535 0.020556 0.014898 0.041111
0 0.379098 0.219396 0.028742 0.128514
0 0.314398 0.360410 0.035297 0.136681
0 0.311836 0.264743 0.025922 0.089792
0 0.218203 0.040833 0.022438 0.081667
0 0.160086 0.052347 0.029672 0.101500
0 0.058844 0.169750 0.025813 0.108944
0 0.953387 0.628715 0.054898 0.175069
0 0.992555 0.157910 0.014891 0.100569
