0 0.055078 0.832931 0.060234 0.160750
0 0.148582 0.519938 0.041117 0.160542
0 0.194777 0.524660 0.030914 0.138014
0 0.218707 0.544701 0.036164 0.148292
0 0.230906 0.505201 0.027453 0.110875
0 0.253437 0.532868 0.028781 0.123208
0 0.370281 0.641701 0.039469 0.184375
0 0.409324 0.462174 0.028633 0.151764
0 0.614117 0.503312 0.034734 0.135319
0 0.615777 0.903271 0.049133 0.180486
0 0.747258 0.739910 0.050016 0.162292
0 0.791324 0.551528 0.041664 0.162861
0 0.781535 0.403639 0.035445 0.154944
0 0.901867 0.220264 0.035484 0.126861
0 0.952945 0.206437 0.031516 0.114903
0 0.917750 0.135757 0.029250 0.098764
0 0.956547 0.022000 0.016281 0.044000
0 0.889691 0.078854 0.027602 0.121681
0 0.853063 0.066382 0.025000 0.100903
0 0.838375 0.069146 0.017688 0.101319
0 0.731773 0.106056 0.017422 0.124000
0 0.739906 0.040472 0.024766 0.080944
0 0.689031 0.049819 0.019969 0.094639
0 0.670750 0.078958 0.015234 0.070778
0 0.579953 0.100569 0.022734 0.094417
0 0.639055 0.165139 0.025687 0.131944
0 0.622723 0.178160 0.026570 0.117403
0 0.528687 0.171771 0.030187 0.128403
0 0.496586 0.238625 0.028891 0.123139
0 0.481703 0.123896 0.018531 0.112347
0 0.483031 0.038236 0.017766 0.076472
0 0.453352 0.120208 0.021359 0.122083
0 0.426961 0.123625 0.019359 0.118417
0 0.389008 0.041701 0.027422 0.083403
0 0.418086 0.022444 0.021484 0.044889
0 0.385035 0.266271 0.029586 0.137181
0 0.313176 0.333410 0.030758 0.130875
0 0.311965 0.243292 0.024570 0.084694
0 0.209242 0.062896 0.024859 0.109486
0 0.195055 0.015472 0.019797 0.030944
0 0.138078 0.077292 0.029313 0.109444
0 0.061234 0.173778 0.025813 0.108444
0 0.982031 0.686181 0.035937 0.177361
0 0.994289 0.142597 0.011422 0.085639
0 0.055078 0.832931 0.060234 0.160750
0 0.148582 0.519938 0.041117 0.160542
0 0.194777 0.524660 0.030914 0.138014
0 0.218707 0.544701 0.036164 0.148292
0 0.230906 0.505201 0.027453 0.110875
0 0.253437 0.532868 0.028781 0.123208
0 0.370281 0.641701 0.039469 0.184375
0 0.409324 0.462174 0.028633 0.151764
0 0.614117 0.503312 0.034734 0.135319
0 0.615777 0.903271 0.049133 0.180486
0 0.747258 0.739910 0.050016 0.162292
0 0.791324 0.551528 0.041664 0.162861
0 0.781535 0.403639 0.035445 0.154944
0 0.901867 0.220264 0.035484 0.126861
0 0.952945 0.206437 0.031516 0.114903
0 0.917750 0.135757 0.029250 0.098764
0 0.956547 0.022000 0.016281 0.044000
0 0.889691 0.078854 0.027602 0.121681
0 0.853063 0.066382 0.025000 0.100903
0 0.838375 0.069146 0.017688 0.101319
0 0.731773 0.106056 0.017422 0.124000
0 0.739906 0.040472 0.024766 0.080944
0 0.689031 0.049819 0.019969 0.094639
0 0.670750 0.078958 0.015234 0.070778
0 0.579953 0.100569 0.022734 0.094417
0 0.639055 0.165139 0.025687 0.131944
0 0.622723 0.178160 0.026570 0.117403
0 0.528687 0.171771 0.030187 0.128403
0 0.496586 0.238625 0.028891 0.123139
0 0.481703 0.123896 0.018531 0.112347
0 0.483031 0.038236 0.017766 0.076472
0 0.453352 0.120208 0.021359 0.122083
0 0.426961 0.123625 0.019359 0.118417
0 0.389008 0.041701 0.027422 0.083403
0 0.418086 0.022444 0.021484 0.044889
0 0.385035 0.266271 0.029586 0.137181
0 0.313176 0.333410 0.030758 0.130875
0 0.311965 0.243292 0.024570 0.084694
0 0.209242 0.062896 0.024859 0.109486
0 0.195055 0.015472 0.019797 0.030944
0 0.138078 0.077292 0.029313 0.109444
0 0.061234 0.173778 0.025813 0.108444
0 0.982031 0.686181 0.035937 0.177361
0 0.994289 0.142597 0.011422 0.085639
