0 0.071844 0.857910 0.051000 0.169181
0 0.138051 0.573826 0.041242 0.154014
0 0.192000 0.518104 0.032328 0.138819
0 0.214367 0.538139 0.037984 0.146500
0 0.225066 0.500403 0.031117 0.112472
0 0.251367 0.529181 0.028750 0.121083
0 0.371172 0.544840 0.034531 0.163903
0 0.409180 0.393243 0.029203 0.140986
0 0.613250 0.444792 0.036344 0.124250
0 0.598762 0.806993 0.047570 0.188014
0 0.696531 0.742326 0.040719 0.168764
0 0.808805 0.609368 0.043688 0.156819
0 0.800410 0.467035 0.038289 0.156708
0 0.911977 0.259444 0.036672 0.137278
0 0.959973 0.247222 0.033383 0.124167
0 0.921570 0.162833 0.031234 0.101778
0 0.953445 0.019861 0.014516 0.039722
0 0.890738 0.097493 0.028727 0.119403
0 0.858582 0.072944 0.020133 0.102694
0 0.840305 0.076174 0.020266 0.098097
0 0.729965 0.102396 0.018570 0.121069
0 0.729410 0.039167 0.026602 0.078333
0 0.684488 0.046347 0.018805 0.092306
0 0.664555 0.073785 0.016047 0.067986
0 0.582555 0.126722 0.022109 0.098361
0 0.634371 0.125521 0.023773 0.119458
0 0.620125 0.148556 0.024047 0.121778
0 0.529430 0.201514 0.031781 0.135861
0 0.496109 0.275924 0.030391 0.132736
0 0.491418 0.098694 0.020227 0.113111
0 0.486227 0.038639 0.019891 0.077278
0 0.451172 0.112764 0.021250 0.121472
0 0.423078 0.109757 0.021156 0.121486
0 0.390441 0.025354 0.025508 0.050708
0 0.462473 0.019201 0.027008 0.037458
0 0.379840 0.217132 0.027539 0.132819
0 0.315949 0.364965 0.034602 0.127931
0 0.312074 0.270917 0.025664 0.090056
0 0.222879 0.040222 0.026430 0.080444
0 0.163047 0.047667 0.022969 0.095333
0 0.058516 0.168958 0.025156 0.107361
0 0.949578 0.612708 0.047312 0.169306
0 0.992687 0.160722 0.014625 0.094944
0 0.071844 0.857910 0.051000 0.169181
0 0.138051 0.573826 0.041242 0.154014
0 0.192000 0.518104 0.032328 0.138819
0 0.214367 0.538139 0.037984 0.146500
0 0.225066 0.500403 0.031117 0.112472
0 0.251367 0.529181 0.028750 0.121083
0 0.371172 0.544840 0.034531 0.163903
0 0.409180 0.393243 0.029203 0.140986
0 0.613250 0.444792 0.036344 0.124250
0 0.598762 0.806993 0.047570 0.188014
0 0.696531 0.742326 0.040719 0.168764
0 0.808805 0.609368 0.043688 0.156819
0 0.800410 0.467035 0.038289 0.156708
0 0.911977 0.259444 0.036672 0.137278
0 0.959973 0.247222 0.033383 0.124167
0 0.921570 0.162833 0.031234 0.101778
0 0.953445 0.019861 0.014516 0.039722
0 0.890738 0.097493 0.028727 0.119403
0 0.858582 0.072944 0.020133 0.102694
0 0.840305 0.076174 0.020266 0.098097
0 0.729965 0.102396 0.018570 0.121069
0 0.729410 0.039167 0.026602 0.078333
0 0.684488 0.046347 0.018805 0.092306
0 0.664555 0.073785 0.016047 0.067986
0 0.582555 0.126722 0.022109 0.098361
0 0.634371 0.125521 0.023773 0.119458
0 0.620125 0.148556 0.024047 0.121778
0 0.529430 0.201514 0.031781 0.135861
0 0.496109 0.275924 0.030391 0.132736
0 0.491418 0.098694 0.020227 0.113111
0 0.486227 0.038639 0.019891 0.077278
0 0.451172 0.112764 0.021250 0.121472
0 0.423078 0.109757 0.021156 0.121486
0 0.390441 0.025354 0.025508 0.050708
0 0.462473 0.019201 0.027008 0.037458
0 0.379840 0.217132 0.027539 0.132819
0 0.315949 0.364965 0.034602 0.127931
0 0.312074 0.270917 0.025664 0.090056
0 0.222879 0.040222 0.026430 0.080444
0 0.163047 0.047667 0.022969 0.095333
0 0.058516 0.168958 0.025156 0.107361
0 0.949578 0.612708 0.047312 0.169306
0 0.992687 0.160722 0.014625 0.094944
