0 0.073461 0.862146 0.052297 0.173486
0 0.137758 0.580444 0.041828 0.158972
0 0.192012 0.518243 0.032336 0.138819
0 0.216555 0.538139 0.042359 0.146500
0 0.225094 0.500389 0.030906 0.112472
0 0.251328 0.529181 0.028750 0.121083
0 0.371238 0.542340 0.034664 0.167736
0 0.409273 0.391090 0.029234 0.140597
0 0.614023 0.443542 0.035297 0.125028
0 0.598273 0.797111 0.047078 0.185889
0 0.693063 0.745326 0.042688 0.171208
0 0.809586 0.617924 0.044047 0.162347
0 0.801586 0.473618 0.038578 0.158153
0 0.912934 0.261292 0.037086 0.137694
0 0.960977 0.250764 0.034297 0.125972
0 0.921859 0.165792 0.031312 0.103028
0 0.953336 0.019861 0.014734 0.039722
0 0.891187 0.097979 0.028750 0.118653
0 0.859109 0.073271 0.019422 0.102403
0 0.840738 0.076743 0.020945 0.098236
0 0.729965 0.102396 0.018570 0.121069
0 0.729129 0.041875 0.026945 0.083750
0 0.684488 0.046347 0.018805 0.092306
0 0.664555 0.073785 0.016047 0.067986
0 0.582570 0.127507 0.022891 0.096931
0 0.634121 0.125201 0.023773 0.120597
0 0.619941 0.146271 0.024039 0.120653
0 0.529527 0.203708 0.031617 0.135361
0 0.495871 0.277771 0.030320 0.133069
0 0.491715 0.097396 0.020227 0.112597
0 0.486074 0.047917 0.019883 0.095833
0 0.451250 0.112736 0.021094 0.121111
0 0.423188 0.109243 0.021375 0.120458
0 0.391113 0.025111 0.025383 0.050222
0 0.463328 0.018667 0.027875 0.037250
0 0.380199 0.216521 0.027633 0.134458
0 0.316051 0.365424 0.034180 0.127125
0 0.312180 0.272333 0.025578 0.088833
0 0.223996 0.040028 0.026695 0.080056
0 0.166293 0.047729 0.026164 0.095458
0 0.058516 0.168958 0.025156 0.107361
0 0.948887 0.602847 0.045961 0.160694
0 0.992797 0.161132 0.014406 0.094125
0 0.073461 0.862146 0.052297 0.173486
0 0.137758 0.580444 0.041828 0.158972
0 0.192012 0.518243 0.032336 0.138819
0 0.216555 0.538139 0.042359 0.146500
0 0.225094 0.500389 0.030906 0.112472
0 0.251328 0.529181 0.028750 0.121083
0 0.371238 0.542340 0.034664 0.167736
0 0.409273 0.391090 0.029234 0.140597
0 0.614023 0.443542 0.035297 0.125028
0 0.598273 0.797111 0.047078 0.185889
0 0.693063 0.745326 0.042688 0.171208
0 0.809586 0.617924 0.044047 0.162347
0 0.801586 0.473618 0.038578 0.158153
0 0.912934 0.261292 0.037086 0.137694
0 0.960977 0.250764 0.034297 0.125972
0 0.921859 0.165792 0.031312 0.103028
0 0.953336 0.019861 0.014734 0.039722
0 0.891187 0.097979 0.028750 0.118653
0 0.859109 0.073271 0.019422 0.102403
0 0.840738 0.076743 0.020945 0.098236
0 0.729965 0.102396 0.018570 0.121069
0 0.729129 0.041875 0.026945 0.083750
0 0.684488 0.046347 0.018805 0.092306
0 0.664555 0.073785 0.016047 0.067986
0 0.582570 0.127507 0.022891 0.096931
0 0.634121 0.125201 0.023773 0.120597
0 0.619941 0.146271 0.024039 0.120653
0 0.529527 0.203708 0.031617 0.135361
0 0.495871 0.277771 0.030320 0.133069
0 0.491715 0.097396 0.020227 0.112597
0 0.486074 0.047917 0.019883 0.095833
0 0.451250 0.112736 0.021094 0.121111
0 0.423188 0.109243 0.021375 0.120458
0 0.391113 0.025111 0.025383 0.050222
0 0.463328 0.018667 0.027875 0.037250
0 0.380199 0.216521 0.027633 0.134458
0 0.316051 0.365424 0.034180 0.127125
0 0.312180 0.272333 0.025578 0.088833
0 0.223996 0.040028 0.026695 0.080056
0 0.166293 0.047729 0.026164 0.095458
0 0.058516 0.168958 0.025156 0.107361
0 0.948887 0.602847 0.045961 0.160694
0 0.992797 0.161132 0.014406 0.094125
