0 0.048887 0.831639 0.054227 0.169694
0 0.149590 0.494778 0.038195 0.150000
0 0.194551 0.526056 0.029742 0.135972
0 0.217602 0.546986 0.038328 0.148333
0 0.230563 0.507535 0.027953 0.110514
0 0.254105 0.534771 0.029367 0.122431
0 0.370137 0.654972 0.038086 0.169611
0 0.411344 0.470438 0.032203 0.147181
0 0.612184 0.513563 0.037836 0.128764
0 0.620723 0.921542 0.051211 0.156917
0 0.754793 0.738750 0.059742 0.167167
0 0.787098 0.527792 0.039898 0.148167
0 0.777020 0.382299 0.035305 0.146236
0 0.897379 0.215514 0.035305 0.131889
0 0.950805 0.204778 0.030953 0.119056
0 0.916230 0.141910 0.029273 0.126181
0 0.957109 0.023833 0.016094 0.047667
0 0.888320 0.071507 0.027422 0.115736
0 0.851883 0.067521 0.022391 0.101847
0 0.836000 0.066701 0.020562 0.097875
0 0.732668 0.108076 0.019008 0.127597
0 0.741000 0.041819 0.022031 0.083639
0 0.690547 0.052333 0.019781 0.094500
0 0.672609 0.077625 0.014812 0.070361
0 0.580109 0.099104 0.022047 0.097625
0 0.639277 0.172437 0.026664 0.127042
0 0.622074 0.192104 0.021836 0.123292
0 0.527992 0.167479 0.029812 0.130153
0 0.497477 0.235208 0.030672 0.125528
0 0.479020 0.134687 0.019258 0.115347
0 0.483055 0.038639 0.017625 0.077278
0 0.453539 0.122521 0.021359 0.123625
0 0.429883 0.126993 0.025828 0.116181
0 0.387676 0.043646 0.024961 0.087292
0 0.412266 0.022535 0.030469 0.045069
0 0.385219 0.273514 0.028187 0.135417
0 0.313258 0.324062 0.031297 0.128597
0 0.310977 0.237861 0.024422 0.083333
0 0.206871 0.070597 0.028836 0.106139
0 0.193055 0.017646 0.022266 0.035292
0 0.127547 0.082493 0.025063 0.107069
0 0.062531 0.175729 0.025500 0.110375
0 0.093340 0.019306 0.014523 0.038611
0 0.982707 0.702382 0.034586 0.171431
0 0.994492 0.139799 0.011016 0.084319
0 0.048887 0.831639 0.054227 0.169694
0 0.149590 0.494778 0.038195 0.150000
0 0.194551 0.526056 0.029742 0.135972
0 0.217602 0.546986 0.038328 0.148333
0 0.230563 0.507535 0.027953 0.110514
0 0.254105 0.534771 0.029367 0.122431
0 0.370137 0.654972 0.038086 0.169611
0 0.411344 0.470438 0.032203 0.147181
0 0.612184 0.513563 0.037836 0.128764
0 0.620723 0.921542 0.051211 0.156917
0 0.754793 0.738750 0.059742 0.167167
0 0.787098 0.527792 0.039898 0.148167
0 0.777020 0.382299 0.035305 0.146236
0 0.897379 0.215514 0.035305 0.131889
0 0.950805 0.204778 0.030953 0.119056
0 0.916230 0.141910 0.029273 0.126181
0 0.957109 0.023833 0.016094 0.047667
0 0.888320 0.071507 0.027422 0.115736
0 0.851883 0.067521 0.022391 0.101847
0 0.836000 0.066701 0.020562 0.097875
0 0.732668 0.108076 0.019008 0.127597
0 0.741000 0.041819 0.022031 0.083639
0 0.690547 0.052333 0.019781 0.094500
0 0.672609 0.077625 0.014812 0.070361
0 0.580109 0.099104 0.022047 0.097625
0 0.639277 0.172437 0.026664 0.127042
0 0.622074 0.192104 0.021836 0.123292
0 0.527992 0.167479 0.029812 0.130153
0 0.497477 0.235208 0.030672 0.125528
0 0.479020 0.134687 0.019258 0.115347
0 0.483055 0.038639 0.017625 0.077278
0 0.453539 0.122521 0.021359 0.123625
0 0.429883 0.126993 0.025828 0.116181
0 0.387676 0.043646 0.024961 0.087292
0 0.412266 0.022535 0.030469 0.045069
0 0.385219 0.273514 0.028187 0.135417
0 0.313258 0.324062 0.031297 0.128597
0 0.310977 0.237861 0.024422 0.083333
0 0.206871 0.070597 0.028836 0.106139
0 0.193055 0.017646 0.022266 0.035292
0 0.127547 0.082493 0.025063 0.107069
0 0.062531 0.175729 0.025500 0.110375
0 0.093340 0.019306 0.014523 0.038611
0 0.982707 0.702382 0.034586 0.171431
0 0.994492 0.139799 0.011016 0.084319
