0 0.065641 0.839083 0.068875 0.158333
0 0.144766 0.528875 0.038125 0.152806
0 0.193617 0.522431 0.032609 0.137583
0 0.217027 0.541590 0.035164 0.147375
0 0.228281 0.502701 0.030609 0.111514
0 0.251723 0.530785 0.028773 0.122347
0 0.369586 0.599097 0.036641 0.160972
0 0.408180 0.434049 0.029250 0.139958
0 0.614656 0.477222 0.033719 0.122500
0 0.608633 0.881437 0.047234 0.197958
0 0.734395 0.738979 0.046039 0.158958
0 0.796719 0.563819 0.041578 0.154028
0 0.787371 0.416764 0.036867 0.150361
0 0.904410 0.233104 0.036383 0.139069
0 0.954719 0.223403 0.028813 0.122083
0 0.919441 0.138479 0.030008 0.092764
0 0.954547 0.021056 0.015781 0.042111
0 0.888941 0.082632 0.028852 0.119014
0 0.855312 0.066326 0.023062 0.100903
0 0.838188 0.071035 0.017625 0.100319
0 0.730734 0.105313 0.018781 0.122819
0 0.736078 0.038681 0.025562 0.077361
0 0.687281 0.047632 0.020703 0.094514
0 0.667938 0.076569 0.017156 0.066250
0 0.578773 0.110187 0.024766 0.099903
0 0.638437 0.147451 0.024922 0.122208
0 0.622473 0.171153 0.027195 0.122111
0 0.528344 0.179806 0.030125 0.130667
0 0.496547 0.252736 0.029141 0.132583
0 0.483984 0.118715 0.018094 0.113875
0 0.483672 0.040181 0.018969 0.080361
0 0.452387 0.115944 0.021539 0.121000
0 0.424465 0.119424 0.018789 0.121486
0 0.389816 0.033056 0.026289 0.066111
0 0.436543 0.021250 0.035352 0.042500
0 0.382000 0.245111 0.028594 0.131556
0 0.311988 0.340708 0.031508 0.132750
0 0.312340 0.250694 0.025414 0.088556
0 0.211328 0.050847 0.021563 0.101694
0 0.143535 0.062840 0.024648 0.107542
0 0.059953 0.171757 0.025312 0.109375
0 0.974102 0.664806 0.044297 0.180167
0 0.993227 0.147153 0.013547 0.091417
0 0.065641 0.839083 0.068875 0.158333
0 0.144766 0.528875 0.038125 0.152806
0 0.193617 0.522431 0.032609 0.137583
0 0.217027 0.541590 0.035164 0.147375
0 0.228281 0.502701 0.030609 0.111514
0 0.251723 0.530785 0.028773 0.122347
0 0.369586 0.599097 0.036641 0.160972
0 0.408180 0.434049 0.029250 0.139958
0 0.614656 0.477222 0.033719 0.122500
0 0.608633 0.881437 0.047234 0.197958
0 0.734395 0.738979 0.046039 0.158958
0 0.796719 0.563819 0.041578 0.154028
0 0.787371 0.416764 0.036867 0.150361
0 0.904410 0.233104 0.036383 0.139069
0 0.954719 0.223403 0.028813 0.122083
0 0.919441 0.138479 0.030008 0.092764
0 0.954547 0.021056 0.015781 0.042111
0 0.888941 0.082632 0.028852 0.119014
0 0.855312 0.066326 0.023062 0.100903
0 0.838188 0.071035 0.017625 0.100319
0 0.730734 0.105313 0.018781 0.122819
0 0.736078 0.038681 0.025562 0.077361
0 0.687281 0.047632 0.020703 0.094514
0 0.667938 0.076569 0.017156 0.066250
0 0.578773 0.110187 0.024766 0.099903
0 0.638437 0.147451 0.024922 0.122208
0 0.622473 0.171153 0.027195 0.122111
0 0.528344 0.179806 0.030125 0.130667
0 0.496547 0.252736 0.029141 0.132583
0 0.483984 0.118715 0.018094 0.113875
0 0.483672 0.040181 0.018969 0.080361
0 0.452387 0.115944 0.021539 0.121000
0 0.424465 0.119424 0.018789 0.121486
0 0.389816 0.033056 0.026289 0.066111
0 0.436543 0.021250 0.035352 0.042500
0 0.382000 0.245111 0.028594 0.131556
0 0.311988 0.340708 0.031508 0.132750
0 0.312340 0.250694 0.025414 0.088556
0 0.211328 0.050847 0.021563 0.101694
0 0.143535 0.062840 0.024648 0.107542
0 0.059953 0.171757 0.025312 0.109375
0 0.974102 0.664806 0.044297 0.180167
0 0.993227 0.147153 0.013547 0.091417
