0 0.046410 0.827694 0.056773 0.174583
0 0.152078 0.487236 0.036375 0.154028
0 0.193965 0.527535 0.029508 0.135431
0 0.217180 0.548743 0.038781 0.148319
0 0.230031 0.509076 0.028281 0.110431
0 0.254109 0.536021 0.029516 0.122236
0 0.368738 0.679382 0.038961 0.180208
0 0.411133 0.487556 0.034453 0.155667
0 0.611773 0.530451 0.038141 0.135847
0 0.620688 0.934049 0.053922 0.131903
0 0.760379 0.738097 0.059633 0.171944
0 0.784352 0.521653 0.040469 0.155556
0 0.774453 0.373882 0.034844 0.148125
0 0.894246 0.205847 0.036836 0.127556
0 0.949695 0.198778 0.030250 0.120667
0 0.913766 0.126993 0.030281 0.106264
0 0.957148 0.024236 0.016016 0.048472
0 0.886266 0.070889 0.026969 0.118417
0 0.850961 0.066931 0.021078 0.101889
0 0.834266 0.067028 0.020656 0.098639
0 0.732844 0.108583 0.019500 0.128500
0 0.740340 0.042069 0.020914 0.084139
0 0.691172 0.053528 0.019281 0.094500
0 0.673781 0.078486 0.014812 0.070361
0 0.579609 0.093076 0.021781 0.095319
0 0.639703 0.179028 0.026906 0.126667
0 0.620066 0.198479 0.022148 0.122597
0 0.527176 0.160590 0.030383 0.126792
0 0.497980 0.227257 0.030195 0.124681
0 0.476961 0.139875 0.021266 0.115333
0 0.481648 0.038715 0.017625 0.077431
0 0.454273 0.124465 0.021375 0.122042
0 0.429348 0.130403 0.026148 0.116722
0 0.387855 0.051354 0.025633 0.091653
0 0.405664 0.023625 0.024922 0.047250
0 0.384305 0.284382 0.029891 0.137208
0 0.312191 0.319160 0.030961 0.127042
0 0.309891 0.231826 0.024594 0.083153
0 0.201398 0.074993 0.024313 0.105264
0 0.190687 0.020063 0.022156 0.040125
0 0.123625 0.091431 0.031422 0.109694
0 0.062473 0.177576 0.025383 0.110875
0 0.090246 0.023472 0.019914 0.046944
0 0.994168 0.138653 0.011664 0.087861
0 0.046410 0.827694 0.056773 0.174583
0 0.152078 0.487236 0.036375 0.154028
0 0.193965 0.527535 0.029508 0.135431
0 0.217180 0.548743 0.038781 0.148319
0 0.230031 0.509076 0.028281 0.110431
0 0.254109 0.536021 0.029516 0.122236
0 0.368738 0.679382 0.038961 0.180208
0 0.411133 0.487556 0.034453 0.155667
0 0.611773 0.530451 0.038141 0.135847
0 0.620688 0.934049 0.053922 0.131903
0 0.760379 0.738097 0.059633 0.171944
0 0.784352 0.521653 0.040469 0.155556
0 0.774453 0.373882 0.034844 0.148125
0 0.894246 0.205847 0.036836 0.127556
0 0.949695 0.198778 0.030250 0.120667
0 0.913766 0.126993 0.030281 0.106264
0 0.957148 0.024236 0.016016 0.048472
0 0.886266 0.070889 0.026969 0.118417
0 0.850961 0.066931 0.021078 0.101889
0 0.834266 0.067028 0.020656 0.098639
0 0.732844 0.108583 0.019500 0.128500
0 0.740340 0.042069 0.020914 0.084139
0 0.691172 0.053528 0.019281 0.094500
0 0.673781 0.078486 0.014812 0.070361
0 0.579609 0.093076 0.021781 0.095319
0 0.639703 0.179028 0.026906 0.126667
0 0.620066 0.198479 0.022148 0.122597
0 0.527176 0.160590 0.030383 0.126792
0 0.497980 0.227257 0.030195 0.124681
0 0.476961 0.139875 0.021266 0.115333
0 0.481648 0.038715 0.017625 0.077431
0 0.454273 0.124465 0.021375 0.122042
0 0.429348 0.130403 0.026148 0.116722
0 0.387855 0.051354 0.025633 0.091653
0 0.405664 0.023625 0.024922 0.047250
0 0.384305 0.284382 0.029891 0.137208
0 0.312191 0.319160 0.030961 0.127042
0 0.309891 0.231826 0.024594 0.083153
0 0.201398 0.074993 0.024313 0.105264
0 0.190687 0.020063 0.022156 0.040125
0 0.123625 0.091431 0.031422 0.109694
0 0.062473 0.177576 0.025383 0.110875
0 0.090246 0.023472 0.019914 0.046944
0 0.994168 0.138653 0.011664 0.087861
