0 0.062004 0.835160 0.067602 0.156958
0 0.147090 0.525931 0.040195 0.159056
0 0.194121 0.523771 0.031758 0.137625
0 0.217777 0.543125 0.035227 0.148167
0 0.229570 0.503771 0.029813 0.110875
0 0.252313 0.532104 0.028781 0.123208
0 0.369816 0.626875 0.038039 0.182361
0 0.408613 0.450403 0.028633 0.151778
0 0.614961 0.495139 0.033984 0.135972
0 0.612098 0.895285 0.047773 0.194569
0 0.742500 0.739111 0.043203 0.160222
0 0.793824 0.560153 0.040727 0.160389
0 0.785023 0.407160 0.035609 0.147625
0 0.903762 0.225507 0.036039 0.132681
0 0.954730 0.214646 0.029070 0.120847
0 0.918641 0.134826 0.030094 0.094236
0 0.955328 0.021333 0.015906 0.042667
0 0.889316 0.081437 0.028539 0.119681
0 0.853883 0.065632 0.025141 0.100069
0 0.838375 0.070646 0.017688 0.101319
0 0.731211 0.106056 0.018547 0.124000
0 0.738109 0.039389 0.024766 0.078778
0 0.687855 0.048625 0.020523 0.095056
0 0.669102 0.078194 0.016516 0.067861
0 0.579043 0.107181 0.024773 0.100444
0 0.638945 0.155361 0.025687 0.123389
0 0.622977 0.175729 0.027641 0.120931
0 0.528430 0.172708 0.030141 0.125694
0 0.495961 0.246194 0.028891 0.128944
0 0.482992 0.121694 0.018203 0.113278
0 0.482957 0.041069 0.018211 0.082139
0 0.452789 0.118007 0.021359 0.120875
0 0.425289 0.121958 0.018641 0.119583
0 0.390039 0.038257 0.028828 0.076514
0 0.426750 0.021653 0.015406 0.043306
0 0.383895 0.250826 0.028336 0.129736
0 0.312469 0.339201 0.030750 0.135208
0 0.312293 0.246917 0.025039 0.088778
0 0.210184 0.053389 0.022695 0.102250
0 0.196430 0.013972 0.018641 0.027944
0 0.141187 0.071764 0.028563 0.109389
0 0.060563 0.173007 0.025281 0.108819
0 0.977461 0.679979 0.045078 0.183097
0 0.993680 0.146347 0.012641 0.090639
0 0.062004 0.835160 0.067602 0.156958
0 0.147090 0.525931 0.040195 0.159056
0 0.194121 0.523771 0.031758 0.137625
0 0.217777 0.543125 0.035227 0.148167
0 0.229570 0.503771 0.029813 0.110875
0 0.252313 0.532104 0.028781 0.123208
0 0.369816 0.626875 0.038039 0.182361
0 0.408613 0.450403 0.028633 0.151778
0 0.614961 0.495139 0.033984 0.135972
0 0.612098 0.895285 0.047773 0.194569
0 0.742500 0.739111 0.043203 0.160222
0 0.793824 0.560153 0.040727 0.160389
0 0.785023 0.407160 0.035609 0.147625
0 0.903762 0.225507 0.036039 0.132681
0 0.954730 0.214646 0.029070 0.120847
0 0.918641 0.134826 0.030094 0.094236
0 0.955328 0.021333 0.015906 0.042667
0 0.889316 0.081437 0.028539 0.119681
0 0.853883 0.065632 0.025141 0.100069
0 0.838375 0.070646 0.017688 0.101319
0 0.731211 0.106056 0.018547 0.124000
0 0.738109 0.039389 0.024766 0.078778
0 0.687855 0.048625 0.020523 0.095056
0 0.669102 0.078194 0.016516 0.067861
0 0.579043 0.107181 0.024773 0.100444
0 0.638945 0.155361 0.025687 0.123389
0 0.622977 0.175729 0.027641 0.120931
0 0.528430 0.172708 0.030141 0.125694
0 0.495961 0.246194 0.028891 0.128944
0 0.482992 0.121694 0.018203 0.113278
0 0.482957 0.041069 0.018211 0.082139
0 0.452789 0.118007 0.021359 0.120875
0 0.425289 0.121958 0.018641 0.119583
0 0.390039 0.038257 0.028828 0.076514
0 0.426750 0.021653 0.015406 0.043306
0 0.383895 0.250826 0.028336 0.129736
0 0.312469 0.339201 0.030750 0.135208
0 0.312293 0.246917 0.025039 0.088778
0 0.210184 0.053389 0.022695 0.102250
0 0.196430 0.013972 0.018641 0.027944
0 0.141187 0.071764 0.028563 0.109389
0 0.060563 0.173007 0.025281 0.108819
0 0.977461 0.679979 0.045078 0.183097
0 0.993680 0.146347 0.012641 0.090639
