0 0.076758 0.869931 0.053047 0.176528
0 0.137664 0.597049 0.045141 0.167292
0 0.192051 0.518653 0.032336 0.138806
0 0.217570 0.538139 0.044391 0.146500
0 0.225168 0.500319 0.030289 0.112472
0 0.251211 0.529181 0.028750 0.121083
0 0.371445 0.538910 0.035078 0.171153
0 0.409559 0.388479 0.029320 0.147208
0 0.616336 0.439806 0.032172 0.127333
0 0.596809 0.774736 0.045602 0.164972
0 0.683281 0.750167 0.047344 0.170222
0 0.811500 0.636653 0.043688 0.172806
0 0.805082 0.483514 0.039383 0.155750
0 0.915801 0.263458 0.038320 0.132250
0 0.963309 0.252812 0.035680 0.123819
0 0.922719 0.174674 0.031531 0.106764
0 0.953008 0.019861 0.015391 0.039722
0 0.892539 0.099444 0.028828 0.116389
0 0.860680 0.074229 0.017297 0.101542
0 0.842031 0.078451 0.022969 0.098653
0 0.729965 0.102396 0.018570 0.121069
0 0.728281 0.045764 0.027969 0.091528
0 0.684488 0.046347 0.018805 0.092306
0 0.664555 0.073785 0.016047 0.067986
0 0.582617 0.134618 0.025234 0.102153
0 0.633375 0.124257 0.023781 0.123986
0 0.619402 0.139417 0.024039 0.117278
0 0.529824 0.210285 0.031133 0.133875
0 0.495168 0.279806 0.030133 0.127056
0 0.492590 0.093500 0.020227 0.111056
0 0.486227 0.053194 0.019891 0.106389
0 0.451484 0.112667 0.020625 0.120056
0 0.423516 0.107701 0.022031 0.117375
0 0.393129 0.024375 0.025008 0.048750
0 0.468816 0.018333 0.027008 0.036667
0 0.381281 0.210333 0.027906 0.130722
0 0.316371 0.371674 0.032898 0.134431
0 0.312496 0.276597 0.025320 0.085139
0 0.225406 0.039444 0.023563 0.078889
0 0.171684 0.047917 0.027102 0.095833
0 0.058516 0.168958 0.025156 0.107361
0 0.946801 0.592389 0.041883 0.159389
0 0.993125 0.162361 0.013750 0.091667
0 0.076758 0.869931 0.053047 0.176528
0 0.137664 0.597049 0.045141 0.167292
0 0.192051 0.518653 0.032336 0.138806
0 0.217570 0.538139 0.044391 0.146500
0 0.225168 0.500319 0.030289 0.112472
0 0.251211 0.529181 0.028750 0.121083
0 0.371445 0.538910 0.035078 0.171153
0 0.409559 0.388479 0.029320 0.147208
0 0.616336 0.439806 0.032172 0.127333
0 0.596809 0.774736 0.045602 0.164972
0 0.683281 0.750167 0.047344 0.170222
0 0.811500 0.636653 0.043688 0.172806
0 0.805082 0.483514 0.039383 0.155750
0 0.915801 0.263458 0.038320 0.132250
0 0.963309 0.252812 0.035680 0.123819
0 0.922719 0.174674 0.031531 0.106764
0 0.953008 0.019861 0.015391 0.039722
0 0.892539 0.099444 0.028828 0.116389
0 0.860680 0.074229 0.017297 0.101542
0 0.842031 0.078451 0.022969 0.098653
0 0.729965 0.102396 0.018570 0.121069
0 0.728281 0.045764 0.027969 0.091528
0 0.684488 0.046347 0.018805 0.092306
0 0.664555 0.073785 0.016047 0.067986
0 0.582617 0.134618 0.025234 0.102153
0 0.633375 0.124257 0.023781 0.123986
0 0.619402 0.139417 0.024039 0.117278
0 0.529824 0.210285 0.031133 0.133875
0 0.495168 0.279806 0.030133 0.127056
0 0.492590 0.093500 0.020227 0.111056
0 0.486227 0.053194 0.019891 0.106389
0 0.451484 0.112667 0.020625 0.120056
0 0.423516 0.107701 0.022031 0.117375
0 0.393129 0.024375 0.025008 0.048750
0 0.468816 0.018333 0.027008 0.036667
0 0.381281 0.210333 0.027906 0.130722
0 0.316371 0.371674 0.032898 0.134431
0 0.312496 0.276597 0.025320 0.085139
0 0.225406 0.039444 0.023563 0.078889
0 0.171684 0.047917 0.027102 0.095833
0 0.058516 0.168958 0.025156 0.107361
0 0.946801 0.592389 0.041883 0.159389
0 0.993125 0.162361 0.013750 0.091667
