0 0.045238 0.825167 0.058742 0.176583
0 0.153633 0.485597 0.035688 0.158222
0 0.193648 0.528333 0.029516 0.135417
0 0.217133 0.549625 0.038781 0.148333
0 0.229809 0.509792 0.028273 0.110417
0 0.254062 0.536576 0.029516 0.122236
0 0.366836 0.695299 0.041906 0.186569
0 0.409730 0.497972 0.037664 0.158139
0 0.611773 0.540417 0.037875 0.141528
0 0.620305 0.939854 0.055625 0.120292
0 0.762922 0.737910 0.059187 0.174431
0 0.783086 0.519174 0.041203 0.159542
0 0.771445 0.372285 0.035281 0.152458
0 0.892754 0.200514 0.037867 0.124750
0 0.949281 0.194910 0.029891 0.121319
0 0.912324 0.118104 0.030914 0.092708
0 0.957148 0.024236 0.016016 0.048472
0 0.885145 0.070903 0.026648 0.120000
0 0.850496 0.066389 0.020633 0.101806
0 0.833504 0.067569 0.020242 0.099722
0 0.732844 0.108583 0.019500 0.128500
0 0.740004 0.042069 0.020242 0.084139
0 0.691402 0.053972 0.018945 0.094500
0 0.674344 0.079208 0.014813 0.070361
0 0.579301 0.089667 0.021602 0.094389
0 0.639891 0.182500 0.026906 0.126667
0 0.619238 0.200542 0.023914 0.120972
0 0.526762 0.156667 0.030820 0.124389
0 0.498199 0.222347 0.029586 0.123806
0 0.475969 0.141708 0.022500 0.114861
0 0.480711 0.038965 0.017625 0.077931
0 0.454766 0.125403 0.021375 0.121000
0 0.428711 0.132201 0.025547 0.117403
0 0.388133 0.056292 0.026484 0.094167
0 0.396453 0.024743 0.011094 0.049486
0 0.383762 0.290785 0.031320 0.138958
0 0.311469 0.316819 0.030641 0.126250
0 0.309312 0.228500 0.024703 0.083028
0 0.198883 0.079083 0.022953 0.105000
0 0.189375 0.021396 0.021719 0.042792
0 0.121859 0.096792 0.034469 0.111778
0 0.062262 0.178535 0.025383 0.110875
0 0.088641 0.025417 0.022031 0.050833
0 0.993949 0.137583 0.012102 0.090000
0 0.045238 0.825167 0.058742 0.176583
0 0.153633 0.485597 0.035688 0.158222
0 0.193648 0.528333 0.029516 0.135417
0 0.217133 0.549625 0.038781 0.148333
0 0.229809 0.509792 0.028273 0.110417
0 0.254062 0.536576 0.029516 0.122236
0 0.366836 0.695299 0.041906 0.186569
0 0.409730 0.497972 0.037664 0.158139
0 0.611773 0.540417 0.037875 0.141528
0 0.620305 0.939854 0.055625 0.120292
0 0.762922 0.737910 0.059187 0.174431
0 0.783086 0.519174 0.041203 0.159542
0 0.771445 0.372285 0.035281 0.152458
0 0.892754 0.200514 0.037867 0.124750
0 0.949281 0.194910 0.029891 0.121319
0 0.912324 0.118104 0.030914 0.092708
0 0.957148 0.024236 0.016016 0.048472
0 0.885145 0.070903 0.026648 0.120000
0 0.850496 0.066389 0.020633 0.101806
0 0.833504 0.067569 0.020242 0.099722
0 0.732844 0.108583 0.019500 0.128500
0 0.740004 0.042069 0.020242 0.084139
0 0.691402 0.053972 0.018945 0.094500
0 0.674344 0.079208 0.014813 0.070361
0 0.579301 0.089667 0.021602 0.094389
0 0.639891 0.182500 0.026906 0.126667
0 0.619238 0.200542 0.023914 0.120972
0 0.526762 0.156667 0.030820 0.124389
0 0.498199 0.222347 0.029586 0.123806
0 0.475969 0.141708 0.022500 0.114861
0 0.480711 0.038965 0.017625 0.077931
0 0.454766 0.125403 0.021375 0.121000
0 0.428711 0.132201 0.025547 0.117403
0 0.388133 0.056292 0.026484 0.094167
0 0.396453 0.024743 0.011094 0.049486
0 0.383762 0.290785 0.031320 0.138958
0 0.311469 0.316819 0.030641 0.126250
0 0.309312 0.228500 0.024703 0.083028
0 0.198883 0.079083 0.022953 0.105000
0 0.189375 0.021396 0.021719 0.042792
0 0.121859 0.096792 0.034469 0.111778
0 0.062262 0.178535 0.025383 0.110875
0 0.088641 0.025417 0.022031 0.050833
0 0.993949 0.137583 0.012102 0.090000
