0 0.075918 0.868160 0.053320 0.177153
0 0.137566 0.592056 0.043773 0.165611
0 0.192035 0.518521 0.032336 0.138819
0 0.217551 0.538139 0.044352 0.146500
0 0.225145 0.500333 0.030492 0.112472
0 0.251250 0.529181 0.028750 0.121083
0 0.371375 0.540049 0.034938 0.170014
0 0.409465 0.389347 0.029289 0.145000
0 0.615566 0.441049 0.033211 0.126569
0 0.597297 0.782194 0.046094 0.171944
0 0.686438 0.749243 0.046000 0.171931
0 0.810934 0.631562 0.044055 0.170347
0 0.803918 0.481861 0.039117 0.157667
0 0.914844 0.262736 0.037906 0.134056
0 0.962531 0.252132 0.035219 0.124542
0 0.922434 0.171715 0.031461 0.105514
0 0.953117 0.019861 0.015172 0.039722
0 0.892090 0.098958 0.028805 0.117139
0 0.860156 0.073910 0.018000 0.101819
0 0.841602 0.077882 0.022297 0.098514
0 0.729965 0.102396 0.018570 0.121069
0 0.728563 0.045174 0.027625 0.090347
0 0.684488 0.046347 0.018805 0.092306
0 0.664555 0.073785 0.016047 0.067986
0 0.582602 0.132250 0.024453 0.100417
0 0.633625 0.124576 0.023781 0.122847
0 0.619582 0.141701 0.024039 0.118403
0 0.529727 0.208090 0.031297 0.134375
0 0.495402 0.279125 0.030195 0.129056
0 0.492297 0.094799 0.020219 0.111569
0 0.486180 0.051437 0.019891 0.102875
0 0.451406 0.112688 0.020781 0.120403
0 0.423406 0.108215 0.021812 0.118403
0 0.392457 0.024618 0.025133 0.049236
0 0.466625 0.018444 0.028016 0.036861
0 0.380922 0.212389 0.027813 0.131972
0 0.316266 0.368778 0.033328 0.130361
0 0.312391 0.275174 0.025406 0.086375
0 0.224938 0.039639 0.024609 0.079278
0 0.169887 0.047854 0.026789 0.095708
0 0.058516 0.168958 0.025156 0.107361
0 0.947496 0.593049 0.043242 0.154181
0 0.993016 0.161951 0.013969 0.092486
0 0.075918 0.868160 0.053320 0.177153
0 0.137566 0.592056 0.043773 0.165611
0 0.192035 0.518521 0.032336 0.138819
0 0.217551 0.538139 0.044352 0.146500
0 0.225145 0.500333 0.030492 0.112472
0 0.251250 0.529181 0.028750 0.121083
0 0.371375 0.540049 0.034938 0.170014
0 0.409465 0.389347 0.029289 0.145000
0 0.615566 0.441049 0.033211 0.126569
0 0.597297 0.782194 0.046094 0.171944
0 0.686438 0.749243 0.046000 0.171931
0 0.810934 0.631562 0.044055 0.170347
0 0.803918 0.481861 0.039117 0.157667
0 0.914844 0.262736 0.037906 0.134056
0 0.962531 0.252132 0.035219 0.124542
0 0.922434 0.171715 0.031461 0.105514
0 0.953117 0.019861 0.015172 0.039722
0 0.892090 0.098958 0.028805 0.117139
0 0.860156 0.073910 0.018000 0.101819
0 0.841602 0.077882 0.022297 0.098514
0 0.729965 0.102396 0.018570 0.121069
0 0.728563 0.045174 0.027625 0.090347
0 0.684488 0.046347 0.018805 0.092306
0 0.664555 0.073785 0.016047 0.067986
0 0.582602 0.132250 0.024453 0.100417
0 0.633625 0.124576 0.023781 0.122847
0 0.619582 0.141701 0.024039 0.118403
0 0.529727 0.208090 0.031297 0.134375
0 0.495402 0.279125 0.030195 0.129056
0 0.492297 0.094799 0.020219 0.111569
0 0.486180 0.051437 0.019891 0.102875
0 0.451406 0.112688 0.020781 0.120403
0 0.423406 0.108215 0.021812 0.118403
0 0.392457 0.024618 0.025133 0.049236
0 0.466625 0.018444 0.028016 0.036861
0 0.380922 0.212389 0.027813 0.131972
0 0.316266 0.368778 0.033328 0.130361
0 0.312391 0.275174 0.025406 0.086375
0 0.224938 0.039639 0.024609 0.079278
0 0.169887 0.047854 0.026789 0.095708
0 0.058516 0.168958 0.025156 0.107361
0 0.947496 0.593049 0.043242 0.154181
0 0.993016 0.161951 0.013969 0.092486
